>>> $ATACH
$INFO,46,1,3FO,1990,1,1,1,1,0000,97,1023,117.2,1.8,0.0,20.0
$INFO,1,1,1,1,1,0000,97,1023,117.3,1.8,0.0,20.0
$INFO,2,1,1,1,1,0000,97,1023,117.8,1.8,0.0,20.0
$INFO,3,1,1,1,1,0000,98,1023,117.1,1.8,0.0,19.9
$INFO,4,1,1,1,1,0000,99,1023,117.5,1.8,0.0,19.9
$INFO,5,1,1,1,1,0000,98,1023,117.3,1.8,0.0,20.0
$INFO,6,1,1,1,1,0000,97,1023,117.7,1.8,0.0,20.1
$INFO,7,1,1,1,1,0000,100,1023,117.1,1.8,0.0,20.0
$INFO,8,1,1,1,1,0000,97,1023,117.8,1.8,0.0,20.0
$INFO,9,1,1,1,1,0000,96,1023,117.3,1.8,0.0,20.0
$INFO,10,1,1,1,1,0000,97,1023,117.7,1.8,0.0,20.0
$INFO,11,1,1,1,1,0000,96,1023,117.2,1.8,0.0,20.0
$INFO,12,1,1,1,1,0000,98,1023,117.9,1.8,0.0,20.0
$INFO,13,1,1,1,1,0000,97,1023,117.4,1.8,0.0,20.0
$INFO,14,1,1,1,1,0000,96,1023,117.6,1.8,0.0,20.0
$INFO,15,1,1,1,1,0000,97,1023,117.2,1.8,0.0,20.0
$INFO,16,1,1,1,1,0000,98,1023,117.6,1.8,0.0,20.0
$INFO,17,1,1,1,1,0000,100,1023,117.3,1.8,0.0,20.0
$INFO,18,1,1,1,1,0000,98,1023,117.3,1.8,0.0,20.0
$INFO,19,1,1,1,1,0000,99,1023,117.4,1.8,0.0,20.0
$INFO,20,1,1,1,1,0000,99,1023,117.7,1.8,0.0,20.0
$INFO,21,1,1,1,1,0000,98,1023,117.5,1.8,0.0,20.0
$INFO,22,1,1,1,1,0000,99,1023,117.3,1.8,0.0,20.1
$INFO,23,1,1,1,1,0000,96,1023,117.3,1.8,0.0,20.1
$INFO,24,1,1,1,1,0000,98,1023,117.7,1.8,0.0,20.0
$INFO,25,1,1,1,1,0000,98,1023,117.5,1.8,0.0,20.0
$INFO,26,1,1,1,1,0000,97,1023,117.3,1.8,0.0,20.0
$INFO,27,1,1,1,1,0000,98,1023,117.9,1.8,0.0,20.1
$INFO,28,1,1,1,1,0000,97,1023,117.7,1.8,0.0,20.1
$INFO,29,1,1,1,1,0000,100,1023,117.2,1.9,0.0,20.1
$INFO,30,1,1,1,1,0000,95,1023,117.2,1.9,0.0,20.1
$INFO,31,1,1,1,1,0000,97,1023,117.5,1.9,-0.1,20.1
$INFO,32,1,1,1,1,0000,98,1023,117.1,1.8,0.0,20.1
$INFO,33,1,1,1,1,0000,97,1023,117.2,1.8,0.0,20.0
$INFO,34,1,1,1,1,0000,100,1023,117.2,1.8,0.0,20.0
$INFO,35,1,1,1,1,0000,98,1023,117.2,1.8,0.0,20.0
$INFO,36,1,1,1,1,0000,98,1023,117.9,1.8,0.0,20.0
$INFO,37,1,1,1,1,0000,98,1023,117.4,1.8,-0.1,20.0
$INFO,38,1,1,1,1,0000,98,1023,117.2,1.8,0.0,20.0
$INFO,39,1,1,1,1,0000,97,1023,116.8,1.8,0.0,20.1
$INFO,40,1,1,1,1,0000,98,1023,117.1,1.8,-0.1,20.0
$INFO,41,1,1,1,1,0000,95,1023,117.5,1.8,-0.1,20.0
$INFO,42,1,1,1,1,0000,99,1023,117.0,1.8,-0.3,20.0
$INFO,43,1,1,1,1,0000,98,1023,116.9,1.8,-0.1,20.0
$INFO,44,1,1,1,1,0000,98,1023,116.6,1.8,-0.1,20.0
$INFO,45,1,1,1,1,0000,96,1023,116.4,1.8,0.0,20.0
$INFO,46,1,1,1,1,0000,97,1023,117.0,1.8,0.0,19.9
$INFO,47,1,1,1,1,0000,96,1023,117.3,1.8,0.0,20.0
$INFO,48,1,1,1,1,0000,98,1023,117.2,1.8,0.0,19.9
$INFO,49,1,1,1,1,0000,98,1023,117.7,1.8,0.0,20.0
$INFO,50,1,1,1,1,0000,98,1023,117.9,1.8,0.0,19.9
$INFO,51,1,1,1,1,0000,98,1023,117.4,1.8,0.0,19.9
$INFO,52,1,1,1,1,0000,98,1023,117.2,1.8,0.0,19.9
$INFO,53,1,1,1,1,0000,95,1023,117.8,1.8,0.0,20.0
$INFO,54,1,1,1,1,0000,95,1023,118.0,1.8,0.0,20.0
$INFO,55,1,1,1,1,0000,97,1023,117.4,1.8,0.0,19.9
$INFO,56,1,1,1,1,0000,98,1023,117.4,1.8,0.0,19.9
$INFO,57,1,1,1,1,0000,98,1023,117.8,1.8,0.0,20.0
$INFO,58,1,1,1,1,0000,98,1023,117.3,1.8,0.0,20.0
$INFO,59,1,1,1,1,0000,97,1023,117.3,1.8,0.0,20.0
$INFO,60,1,1,1,1,0000,97,1023,117.3,1.8,0.0,20.0
$INFO,61,1,1,1,1,0000,98,1023,117.7,1.8,0.0,20.0
$INFO,62,1,1,1,1,0000,98,1023,117.3,1.8,0.0,20.0
$INFO,63,1,1,1,1,0000,97,1023,117.6,1.8,0.0,20.0
$INFO,64,1,1,1,1,0000,97,1023,117.2,1.8,0.0,20.0
$INFO,65,1,1,1,1,0000,98,1023,117.9,1.8,0.0,20.0
$INFO,66,1,1,1,1,0000,98,1023,117.4,1.8,0.0,20.0
$INFO,67,1,1,1,1,0000,96,1023,117.6,1.8,0.0,19.9
$INFO,68,1,1,1,1,0000,97,1023,117.3,1.8,0.0,20.0
$ATACH

j'ai recu ca -> $ATACH

$INFO,69,1,1,1,1,1111,97,1023,118.0,1.8,-0.1,19.9
$INFO,70,1,1,1,1,1111,95,1023,117.5,1.8,-0.1,20.0
$INFO,71,1,1,1,1,1111,98,1023,117.3,1.8,0.0,20.0
$INFO,72,1,1,1,1,1111,98,1023,118.1,1.8,0.0,19.9
$INFO,73,1,1,1,1,1111,98,1023,117.4,1.8,0.0,19.9
$INFO,74,1,1,1,1,1111,100,1023,117.8,1.8,0.0,19.9
$INFO,75,1,1,1,1,1111,97,1023,117.8,1.8,0.0,20.0
$INFO,76,1,1,1,1,1111,95,1023,118.2,1.8,0.0,20.0
$INFO,77,1,1,1,1,1111,98,1023,117.3,1.8,0.0,20.0
$INFO,78,1,1,1,1,1111,97,1023,117.3,1.8,0.0,20.0
$INFO,79,1,1,1,1,1111,97,1023,117.5,1.8,0.0,20.0
$INFO,80,1,1,1,1,1111,97,1023,117.8,1.8,0.0,20.0
$INFO,81,1,1,1,1,1111,01,1111,98,1023,116.9,1.8,0.0,20.1
1023,117.2,1.8,-0.1,20.1
$INFO,532,1,1,1,1,1111,98,1023,117.6,1.8,0.0,20.1
$INFO,533,1,1,1,1,1111,98,1023,116.9,1.8,0.0,20.1
1023,117.2,1.8,-0.1,20.1
$INFO,532,1,1,1,1,1111,98,1023,117.6,1.8,0.0,20.1
$INFO,533,1,1,1,1,1111,98,1023,116.9,1.8,0.0,20.1
$INFO,534,1,1,1,1,1111,98,1023,117.8,1.8,0.0,20.1
$INFO,535,1,1,1,1,1111,97,1023,117.3,1.8,-0.1,20.0
$INFO,536,1,1,1,1,1111,97,1023,118.1,1.8,-0.1,20.1
$INFO,537,1,1,1,1,1111,97,1023,117.9,1.8,-0.1,20.1
$INFO,538,1,1,1,1,1111,96,1023,117.9,1.8,-0.1,20.1
$INFO,539,1,1,1,1,1111,97,1023,117.9,1.8,-0.1,20.0
$INFO,540,1,1,1,1,1111,96,1023,118.1,1.8,-0.1,20.1
$INFO,541,1,1,1,1,1111,97,1023,118.1,1.8,0.0,20.0
$INFO,542,1,1,1,1,1111,96,1023,117.8,1.8,0.0,20.1
$INFO,543,1,1,1,1,1111,97,1023,117.4,1.8,0.0,20.0
$INFO,544,1,1,1,1,1111,95,1023,117.7,1.8,0.0,20.1
$INFO,545,1,1,1,1,1111,97,1023,117.2,1.8,0.0,20.1
$INFO,546,1,1,1,1,1111,97,1023,117.7,1.8,0.0,20.0
$INFO,547,1,1,1,1,1111,98,1023,117.3,1.8,0.0,20.0
$INFO,548,1,1,1,1,1111,98,1023,117.7,1.8,0.0,20.0
$INFO,549,1,1,1,1,1111,97,1023,117.2,1.8,0.0,20.0
$INFO,550,1,1,1,1,1111,97,1023,117.9,1.8,0.0,20.0
$INFO,551,1,1,1,1,1111,98,1023,117.5,1.8,0.0,20.0
$INFO,552,1,1,1,1,1111,96,1023,117.7,1.8,0.0,20.1
$INFO,553,1,1,1,1,1111,97,1023,117.2,1.8,0.0,20.0
$INFO,554,1,1,1,1,1111,97,1023,117.7,1.8,0.0,20.1
$INFO,555,1,1,1,1,1111,98,1023,117.5,1.8,0.0,20.1
$INFO,556,1,1,1,1,1111,97,1023,117.5,1.8,0.0,20.0
$INFO,557,1,1,1,1,1111,96,1023,117.3,1.8,0.0,20.1
$INFO,558,1,1,1,1,1111,100,1023,117.6,1.8,0.0,20.1
$INFO,559,1,1,1,1,1111,98,1023,117.6,1.8,0.0,20.0
$INFO,560,1,1,1,1,1111,96,1023,117.3,1.8,0.0,20.0
$INFO,561,1,1,1,1,1111,98,1023,117.3,1.8,0.0,20.1
$INFO,562,1,1,1,1,1111,99,1023,118.1,1.8,0.0,20.1
$INFO,563,1,1,1,1,1111,100,1023,117.3,1.8,0.0,20.0
$INFO,564,1,1,1,1,1111,98,1023,117.5,1.8,0.0,20.0
$INFO,565,1,1,1,1,1111,99,1023,117.4,1.8,-0.1,20.1
$INFO,566,1,1,1,1,1111,97,1023,117.3,1.8,-0.1,20.1
$INFO,567,1,1,1,1,1111,99,1023,116.7,1.8,0.0,20.0
$INFO,568,1,1,1,1,1111,95,1023,117.5,1.8,0.0,20.0
$INFO,569,1,1,1,1,1111,98,1023,117.2,1.8,0.0,20.0
$INFO,570,1,1,1,1,1111,100,1023,118.2,1.8,0.0,20.1
$INFO,571,1,1,1,1,1111,98,1023,117.4,1.8,0.0,20.1
$INFO,572,1,1,1,1,1111,99,1023,117.7,1.8,0.0,20.1
$INFO,573,1,1,1,1,1111,96,1023,117.4,1.8,-0.1,20.1
$INFO,574,1,1,1,1,1111,99,1023,118.3,1.8,-0.1,20.0
$INFO,575,1,1,1,1,1111,96,1023,118.3,1.8,-0.1,20.1
$INFO,576,1,1,1,1,1111,97,1023,118.3,1.7,-0.1,20.0
$INFO,577,1,1,1,1,1111,98,1023,117.9,1.7,-0.1,20.0
$INFO,578,1,1,1,1,1111,98,1023,117.8,1.7,0.0,20.0
$INFO,579,1,1,1,1,1111,97,1023,117.8,1.8,0.0,20.0
$INFO,580,1,1,1,1,1111,98,1023,117.1,1.8,0.0,20.1
$INFO,581,1,1,1,1,1111,97,1023,117.1,1.8,0.0,20.1
$INFO,582,1,1,1,1,1111,98,1023,117.6,1.8,0.0,20.0
$INFO,583,1,1,1,1,1111,97,1023,117.5,1.8,0.0,20.0
$INFO,584,1,1,1,1,1111,97,1023,117.4,1.8,-0.1,20.0
$INFO,585,1,1,1,1,1111,95,1023,118.1,1.8,-0.1,20.1
$INFO,586,1,1,1,1,1111,97,1023,117.8,1.8,-0.1,20.0
$INFO,587,1,1,1,1,1111,96,1023,117.8,1.8,-0.1,20.0
$INFO,588,1,1,1,1,1111,98,1023,117.8,1.8,-0.1,20.0
$INFO,589,1,1,1,1,1111,98,1023,117.8,1.8,-0.1,20.0
$INFO,590,1,1,1,1,1111,97,1023,117.8,1.8,-0.1,20.0
$INFO,591,1,1,1,1,1111,98,1023,117.7,1.8,-0.1,20.0
$INFO,592,1,1,1,1,1111,97,1023,117.7,1.8,-0.1,20.0
$INFO,593,1,1,1,1,1111,98,1023,117.7,1.8,-0.1,20.1
$INFO,594,1,1,1,1,1111,98,1023,117.7,1.8,-0.1,20.0
$INFO,595,1,1,1,1,1111,97,1023,117.7,1.8,-0.1,20.0
$INFO,596,1,1,1,1,1111,98,1023,117.7,1.8,-0.1,20.1
$INFO,597,1,1,1,1,1111,95,1023,117.5,1.8,-0.1,20.0
$INFO,598,1,1,1,1,1111,98,1023,117.5,1.8,-0.1,20.0
$INFO,599,1,1,1,1,1111,98,1023,117.5,1.8,0.0,20.0
$INFO,600,1,1,1,1,1111,98,1023,117.7,1.8,0.0,20.0
$INFO,601,1,1,1,1,1111,98,1023,117.7,1.8,-0.1,20.1
$INFO,602,1,1,1,1,1111,98,1023,117.4,1.8,-0.1,20.1
$INFO,603,1,1,1,1,1111,98,1023,118.2,1.8,0.0,20.1
$INFO,604,1,1,1,1,1111,97,1023,117.6,1.8,0.0,20.0
$INFO,605,1,1,1,1,1111,97,1023,117.2,1.8,0.0,20.0
$INFO,606,1,1,1,1,1111,97,1023,117.6,1.8,0.0,20.0
$INFO,607,1,1,1,1,1111,98,1023,117.0,1.8,0.0,20.0
$INFO,608,1,1,1,1,1111,97,1023,117.5,1.8,0.0,20.0
$INFO,609,1,1,1,1,1111,96,1023,117.3,1.8,0.0,20.0
$INFO,610,1,1,1,1,1111,98,1023,118.0,1.8,0.0,20.0
$INFO,611,1,1,1,1,1111,97,1023,118.0,1.8,0.0,20.0
$INFO,612,1,1,1,1,1111,98,1023,117.2,1.8,0.0,20.0
$INFO,613,1,1,1,1,1111,97,1023,117.4,1.8,0.0,20.0
$INFO,614,1,1,1,1,1111,98,1023,117.4,1.8,0.0,20.0
$INFO,615,1,1,1,1,1111,98,1023,117.2,1.8,0.0,20.0
$INFO,616,1,1,1,1,1111,99,1023,117.2,1.8,0.0,20.1
$INFO,617,1,1,1,1,1111,98,1023,117.7,1.8,0.0,20.0
$INFO,618,1,1,1,1,1111,97,1023,117.4,1.8,0.0,20.0
$INFO,619,1,1,1,1,1111,98,1023,117.2,1.8,0.0,20.0
$INFO,620,1,1,1,1,1111,98,1023,117.8,1.8,0.0,20.0
$INFO,621,1,1,1,1,1111,97,1023,117.6,1.8,0.0,20.0
$INFO,622,1,1,1,1,1111,96,1023,117.3,1.8,0.0,20.0
$INFO,623,1,1,1,1,1111,96,1023,117.2,1.8,0.0,20.0
$INFO,624,1,1,1,1,1111,96,1023,117.7,1.8,0.0,20.1
$INFO,625,1,1,1,1,1111,97,1023,117.2,1.8,0.0,20.1
$INFO,626,1,1,1,1,1111,98,1023,117.6,1.8,0.0,20.0
$INFO,627,1,1,1,1,1111,100,1023,117.2,1.8,0.0,20.0
$INFO,628,1,1,1,1,1111,100,1023,118.1,1.8,0.0,20.0
$INFO,629,1,1,1,1,1111,98,1023,117.3,1.8,0.0,20.0
$INFO,630,1,1,1,1,1111,98,1023,117.3,1.8,0.0,20.0
$INFO,631,1,1,1,1,1111,97,1023,117.3,1.8,0.0,20.0
$INFO,632,1,1,1,1,1111,99,1023,118.0,1.8,0.0,20.0
$INFO,633,1,1,1,1,1111,95,1023,117.2,1.8,0.0,20.0
$INFO,634,1,1,1,1,1111,97,1023,117.5,1.8,0.0,20.0
$INFO,635,1,1,1,1,1111,100,1023,117.3,1.8,0.0,20.0
$INFO,636,1,1,1,1,1111,97,1023,118.0,1.8,0.0,20.1
$INFO,637,1,1,1,1,1111,99,1023,117.4,1.7,0.0,20.0
$INFO,638,1,1,1,1,1111,97,1023,117.4,1.7,0.0,20.0
$INFO,639,1,1,1,1,1111,98,1023,117.8,1.7,-0.1,20.0
$INFO,640,1,1,1,1,1111,97,1023,117.0,1.7,-0.1,20.0
$INFO,641,1,1,1,1,1111,99,1023,117.6,1.8,-0.1,20.1
$INFO,642,1,1,1,1,1111,98,1023,117.6,1.8,-0.1,20.0
$INFO,643,1,1,1,1,1111,97,1023,117.6,1.8,0.0,20.0
$INFO,644,1,1,1,1,1111,97,1023,117.9,1.8,0.0,20.1
$INFO,645,1,1,1,1,1111,101,1023,118.0,1.8,0.0,20.0
$INFO,646,1,1,1,1,1111,97,1023,117.3,1.8,0.0,20.0
$INFO,647,1,1,1,1,1111,98,1023,117.4,1.8,0.0,20.0
$INFO,648,1,1,1,1,1111,97,1023,117.7,1.8,0.0,20.1
$INFO,649,1,1,1,1,1111,100,1023,118.0,1.8,0.0,20.0
$INFO,650,1,1,1,1,1111,96,1023,117.3,1.8,0.0,20.0
$INFO,651,1,1,1,1,1111,98,1023,117.6,1.8,0.0,20.0
$INFO,652,1,1,1,1,1111,98,1023,117.6,1.8,0.0,20.0
$INFO,653,1,1,1,1,1111,98,1023,117.4,1.8,-0.1,20.0
$INFO,654,1,1,1,1,1111,98,1023,118.1,1.8,-0.1,20.0
$INFO,655,1,1,1,1,1111,99,1023,117.2,1.8,0.0,20.0
$INFO,656,1,1,1,1,1111,96,1023,117.0,1.8,0.0,20.0
$INFO,657,1,1,1,1,1111,98,1023,117.3,1.8,-0.1,20.0
$INFO,658,1,1,1,1,1111,98,1023,117.7,1.8,-0.2,20.0
$INFO,659,1,1,1,1,1111,99,1023,117.7,1.8,-0.1,20.0
$INFO,660,1,1,1,1,1111,97,1023,117.7,1.8,0.0,20.0
$INFO,661,1,1,1,1,1111,100,1023,118.1,1.8,0.1,20.1
$INFO,662,1,1,1,1,1111,97,1023,117.7,1.7,0.0,20.0
$INFO,663,1,1,1,1,1111,97,1023,117.7,1.7,0.0,20.0
$INFO,664,1,1,1,1,1111,97,1023,117.8,1.8,0.0,20.1
$INFO,665,1,1,1,1,1111,97,1023,117.6,1.8,0.0,20.0
$INFO,666,1,1,1,1,1111,96,1023,117.3,1.8,0.0,20.0
$INFO,667,1,1,1,1,1111,97,1023,117.3,1.8,0.0,20.0
$INFO,668,1,1,1,1,1111,97,1023,117.9,1.8,-0.1,20.0
$INFO,669,1,1,1,1,1111,97,1023,116.9,1.8,-0.1,20.0
$INFO,670,1,1,1,1,1111,96,1023,117.2,1.8,0.0,20.1
$INFO,671,1,1,1,1,1111,97,1023,117.4,1.8,0.0,20.0
$INFO,672,1,1,1,1,1111,97,1023,117.5,1.8,0.0,20.1
$INFO,673,1,1,1,1,1111,98,1023,117.3,1.8,0.0,20.0
$INFO,674,1,1,1,1,1111,98,1023,117.9,1.8,0.0,20.0
$INFO,675,1,1,1,1,1111,98,1023,117.3,1.8,0.0,20.0
$INFO,676,1,1,1,1,1111,98,1023,117.7,1.8,0.0,20.0
$INFO,677,1,1,1,1,1111,98,1023,117.2,1.8,0.0,20.0
$INFO,678,1,1,1,1,1111,99,1023,118.0,1.8,0.0,20.1
$INFO,679,1,1,1,1,1111,96,1023,117.4,1.8,0.0,20.1
$INFO,680,1,1,1,1,1111,97,1023,117.2,1.8,0.0,20.0
$INFO,681,1,1,1,1,1111,98,1023,117.2,1.8,0.0,20.1
$INFO,682,1,1,1,1,1111,97,1023,117.9,1.8,0.0,20.0
$INFO,683,1,1,1,1,1111,98,1023,117.5,1.8,0.0,20.1
$INFO,684,1,1,1,1,1111,97,1023,117.5,1.8,0.0,20.1
$INFO,685,1,1,1,1,1111,97,1023,117.7,1.8,0.0,20.1
$INFO,686,1,1,1,1,1111,99,1023,117.7,1.8,0.0,20.1
$INFO,687,1,1,1,1,1111,96,1023,117.3,1.8,0.0,20.1
$INFO,688,1,1,1,1,1111,97,1023,117.2,1.8,0.0,20.0
$INFO,689,1,1,1,1,1111,98,1023,117.8,1.8,0.0,20.1
$INFO,690,1,1,1,1,1111,99,1023,117.8,1.8,0.0,20.0
$INFO,691,1,1,1,1,1111,96,1023,117.4,1.8,0.0,20.0
$INFO,692,1,1,1,1,1111,97,1023,117.2,1.8,0.0,20.1
$INFO,693,1,1,1,1,1111,99,1023,117.9,1.8,0.0,20.1
$INFO,694,1,1,1,1,1111,98,1023,117.2,1.8,0.0,20.0
$INFO,695,1,1,1,1,1111,97,1023,117.4,1.8,0.0,20.0
$INFO,696,1,1,1,1,1111,98,1023,117.4,1.8,0.0,20.1
$INFO,697,1,1,1,1,1111,98,1023,117.8,1.8,0.0,20.1
$INFO,698,1,1,1,1,1111,98,1023,117.3,1.8,0.0,20.1
$INFO,699,1,1,1,1,1111,96,1023,117.5,1.8,0.0,20.0
$INFO,700,1,1,1,1,1111,97,1023,117.2,1.8,0.0,20.0
$INFO,701,1,1,1,1,1111,97,1023,117.8,1.8,0.0,20.0
$INFO,702,1,1,1,1,1111,98,1023,117.4,1.8,0.0,20.1
$INFO,703,1,1,1,1,1111,97,1023,117.4,1.8,0.0,20.1
$INFO,704,1,1,1,1,1111,98,1023,117.2,1.8,0.0,20.0
$INFO,705,1,1,1,1,1111,97,1023,117.9,1.8,0.0,20.1
$INFO,706,1,1,1,1,1111,97,1023,117.3,1.8,0.0,20.0
$INFO,707,1,1,1,1,1111,98,1023,117.3,1.8,0.0,20.0
$INFO,708,1,1,1,1,1111,97,1023,117.6,1.8,-0.1,20.0
$INFO,709,1,1,1,1,1111,97,1023,117.9,1.8,-0.1,20.0
$INFO,710,1,1,1,1,1111,98,1023,117.9,1.8,-0.1,20.1
$INFO,711,1,1,1,1,1111,99,1023,118.1,1.8,0.0,20.1
$INFO,712,1,1,1,1,1111,98,1023,118.0,1.8,-0.1,20.1
$INFO,713,1,1,1,1,1111,98,1023,118.4,1.8,-0.2,20.1
$INFO,714,1,1,1,1,1111,99,1023,118.4,1.8,-0.1,20.1
$INFO,715,1,1,1,1,1111,97,1023,118.6,1.8,0.0,20.1
$INFO,716,1,1,1,1,1111,100,1023,117.8,1.8,0.0,20.1
$INFO,717,1,1,1,1,1111,97,1023,117.7,1.8,0.0,20.1
$INFO,718,1,1,1,1,1111,101,1023,117.3,1.8,0.0,20.1
$INFO,719,1,1,1,1,1111,97,1023,117.7,1.8,-0.1,20.1
$INFO,720,1,1,1,1,1111,97,1023,117.9,1.8,-0.1,20.1
$INFO,721,1,1,1,1,1111,98,1023,118.1,1.8,-0.1,20.0
$INFO,722,1,1,1,1,1111,98,1023,117.7,1.8,-0.1,20.1
$INFO,723,1,1,1,1,1111,97,1023,117.3,1.8,-0.1,20.1
$INFO,724,1,1,1,1,1111,98,1023,117.3,1.8,-0.1,20.1
$INFO,725,1,1,1,1,1111,99,1023,117.0,1.8,-0.1,20.1
$INFO,726,1,1,1,1,1111,98,1023,116.9,1.8,-0.1,20.1
$INFO,727,1,1,1,1,1111,96,1023,116.7,1.8,-0.1,20.1
$INFO,728,1,1,1,1,1111,97,1023,116.5,1.8,-0.1,20.0
$INFO,729,1,1,1,1,1111,97,1023,116.5,1.8,-0.1,20.1
$INFO,730,1,1,1,1,1111,97,1023,116.5,1.8,-0.1,20.1
$INFO,731,1,1,1,1,1111,100,1023,116.5,1.8,-0.1,20.2
$INFO,732,1,1,1,1,1111,99,1023,116.6,1.8,-0.1,20.1
$INFO,733,1,1,1,1,1111,99,1023,116.6,1.8,-0.1,20.1
$INFO,734,1,1,1,1,1111,101,1023,116.6,1.8,-0.1,20.1
$INFO,735,1,1,1,1,1111,97,1023,116.6,1.8,0.0,20.2
$INFO,736,1,1,1,1,1111,97,1023,117.3,1.8,0.0,20.1
$INFO,737,1,1,1,1,1111,98,1023,117.2,1.8,0.0,20.1
$INFO,738,1,1,1,1,1111,98,1023,117.9,1.8,0.0,20.1
$INFO,739,1,1,1,1,1111,96,1023,117.4,1.8,0.0,20.0
$INFO,740,1,1,1,1,1111,98,1023,117.6,1.8,0.0,20.1
$INFO,741,1,1,1,1,1111,96,1023,117.2,1.8,0.0,20.1
$INFO,742,1,1,1,1,1111,96,1023,117.8,1.8,0.0,20.0
$INFO,743,1,1,1,1,1111,97,1023,117.4,1.8,0.0,20.0
$INFO,744,1,1,1,1,1111,96,1023,117.6,1.8,0.0,20.0
>>> $PRO,20,20,20,20
$INFO,745,1,1,1,1,1111,98,1023,117.1,1.8,0.0,20.0
$PRO,20,20,20,20

j'ai recu ca -> $PRO,20,20,20,20

$INFO,746,19,19,19,19,1111,98,1023,118.0,1.8,0.0,20.0
$INFO,747,19,19,19,19,1111,97,1023,117.3,1.8,0.0,20.0
$INFO,748,19,19,19,19,1111,98,1023,117.5,1.8,-0.1,20.1
$INFO,749,19,19,19,19,1111,97,1023,117.9,1.8,-0.1,20.1
$INFO,750,19,19,19,19,1111,96,1023,118.1,1.8,0.0,20.0
$INFO,751,19,19,19,19,1111,97,1023,117.7,1.8,0.0,20.1
$INFO,752,19,19,19,19,1111,97,1023,117.5,1.8,0.0,20.1
$INFO,753,19,19,19,19,1111,97,1023,117.9,1.8,0.0,20.1
$INFO,754,19,19,19,19,1111,98,1023,117.4,1.8,0.0,20.1
$INFO,755,19,19,19,19,1111,97,1023,117.8,1.8,0.0,20.0
$INFO,756,19,19,19,19,1111,97,1023,117.5,1.8,0.0,20.1
$INFO,757,19,19,19,19,1111,97,1023,117.9,1.8,0.0,20.1
$INFO,758,19,19,19,19,1111,97,1023,117.5,1.8,0.0,20.1
$INFO,759,19,19,19,19,1111,97,1023,118.1,1.8,0.0,20.1
$INFO,760,19,19,19,19,1111,97,1023,118.0,1.8,0.0,20.0
$INFO,761,19,19,19,19,1111,101,1023,117.6,1.8,0.0,20.0
$INFO,762,19,19,19,19,1111,97,1023,117.6,1.8,0.0,19.9
$INFO,763,19,19,19,19,1111,96,1023,118.1,1.8,0.0,20.0
$INFO,764,19,19,19,19,1111,96,1023,117.4,1.8,0.0,20.0
$INFO,765,19,19,19,19,1111,100,1023,117.6,1.8,0.0,20.1
$INFO,766,19,19,19,19,1111,96,1023,117.6,1.8,0.0,20.0
$INFO,767,19,19,19,19,1111,96,1023,118.0,1.8,0.0,20.1
$INFO,768,19,19,19,19,1111,96,1023,117.3,1.8,0.0,20.1
$INFO,769,19,19,19,19,1111,97,1023,117.6,1.8,0.0,20.1
$INFO,770,19,19,19,19,1111,97,1023,117.3,1.8,0.0,20.1
$INFO,771,19,19,19,19,1111,98,1023,117.8,1.8,0.0,20.0
$INFO,772,19,19,19,19,1111,97,1023,117.4,1.8,0.0,20.0
$INFO,773,19,19,19,19,1111,97,1023,117.6,1.7,0.0,20.0
$INFO,774,19,19,19,19,1111,96,1023,117.1,1.8,0.0,20.1
$INFO,775,19,19,19,19,1111,97,1023,118.0,1.7,0.0,20.1
$INFO,776,19,19,19,19,1111,97,1023,116.9,1.8,0.0,20.1
$INFO,777,19,19,19,19,1111,98,1023,117.1,1.8,0.0,20.0
$INFO,778,19,19,19,19,1111,98,1023,117.1,1.8,0.0,20.1
$INFO,779,19,19,19,19,1111,98,1023,117.3,1.8,0.0,20.0
$INFO,780,19,19,19,19,1111,98,1023,116.3,1.8,0.0,20.1
$INFO,781,19,19,19,19,1111,96,1023,116.6,1.8,0.0,20.0
$INFO,782,19,19,19,19,1111,98,1023,116.6,1.8,0.0,20.1
$INFO,783,19,19,19,19,1111,97,1023,116.5,1.8,0.0,20.1
$INFO,784,19,19,19,19,1111,95,1023,116.7,1.8,0.0,20.1
$INFO,785,19,19,19,19,1111,98,1023,116.6,1.8,0.0,20.1
$INFO,786,19,19,19,19,1111,96,1023,117.0,1.8,0.0,20.1
$INFO,787,19,19,19,19,1111,98,1023,116.2,1.8,0.0,20.1
$INFO,788,19,19,19,19,1111,97,1023,116.2,1.8,0.0,20.1
$INFO,789,19,19,19,19,1111,97,1023,116.7,1.7,0.0,20.1
$INFO,790,19,19,19,19,1111,96,1023,116.7,1.9,0.0,20.2
$INFO,791,19,19,19,19,1111,101,1023,115.9,2.0,0.0,20.2
$INFO,792,19,19,19,19,1111,101,1023,116.8,1.8,-0.1,20.1
$INFO,793,19,19,19,19,1111,96,1023,116.3,1.8,0.0,20.1
$INFO,794,19,19,19,19,1111,97,1023,116.9,1.8,0.0,20.1
$INFO,795,19,19,19,19,1111,98,1023,117.1,1.6,-0.1,20.1
$INFO,796,19,19,19,19,1111,97,1023,116.3,1.7,-0.1,20.1
$INFO,797,19,19,19,19,1111,96,1023,116.3,1.9,-0.1,20.1
$INFO,798,19,19,19,19,1111,99,1023,116.3,1.9,-0.1,20.0
$INFO,799,19,19,19,19,1111,96,1023,116.7,1.9,-0.1,20.1
$INFO,800,19,19,19,19,1111,96,1023,117.1,1.7,-0.1,20.1
$INFO,801,19,19,19,19,1111,98,1023,116.9,1.9,0.0,20.1
$INFO,802,19,19,19,19,1111,96,1023,116.7,1.9,0.0,20.1
$INFO,803,19,19,19,19,1111,98,1023,116.7,1.5,0.0,20.1
$INFO,804,19,19,19,19,1111,95,1023,116.1,1.9,0.0,20.1
$INFO,805,19,19,19,19,1111,95,1023,116.3,2.0,0.0,20.1
$INFO,806,19,19,19,19,1111,97,1023,116.1,1.8,0.0,20.1
$INFO,807,19,19,19,19,1111,97,1023,117.0,1.6,-0.1,20.1
$INFO,808,19,19,19,19,1111,98,1023,115.8,1.8,-0.1,20.0
$INFO,809,19,19,19,19,1111,96,1023,116.1,1.9,-0.1,20.1
$INFO,810,19,19,19,19,1111,99,1023,116.1,1.9,-0.1,20.1
$INFO,811,19,19,19,19,1111,100,1023,116.2,1.7,0.0,20.1
$INFO,812,19,19,19,19,1111,96,1023,116.2,1.7,0.0,20.1
$INFO,813,19,19,19,19,1111,95,1023,116.1,1.9,0.0,20.1
$INFO,814,19,19,19,19,1111,99,1023,116.2,1.6,0.0,20.1
$INFO,815,19,19,19,19,1111,98,1023,117.1,1.6,0.0,20.0
$INFO,816,19,19,19,19,1111,98,1023,116.2,1.6,0.0,20.1
$INFO,817,19,19,19,19,1111,97,1023,116.2,1.8,-0.1,20.0
$INFO,818,19,19,19,19,1111,97,1023,116.2,1.8,-0.1,20.1
$INFO,819,19,19,19,19,1111,97,1023,116.2,1.8,-0.1,20.1
$INFO,820,19,19,19,19,1111,97,1023,116.2,1.8,-0.1,20.1
$INFO,821,19,19,19,19,1111,95,1023,116.2,1.8,-0.1,20.1
$INFO,822,19,19,19,19,1111,100,1023,116.1,1.8,-0.1,20.1
$INFO,823,19,19,19,19,1111,101,1023,115.9,1.8,-0.1,20.1
$INFO,824,19,19,19,19,1111,96,1023,115.9,1.8,0.0,20.2
$INFO,825,19,19,19,19,1111,97,1023,116.2,1.8,0.0,20.1
$INFO,826,19,19,19,19,1111,98,1023,116.5,1.8,0.0,20.1
$INFO,827,19,19,19,19,1111,98,1023,116.0,1.8,0.0,20.2
$INFO,828,19,19,19,19,1111,96,1023,116.3,1.8,0.0,20.2
$INFO,829,19,19,19,19,1111,98,1023,116.0,1.8,0.0,20.1
$INFO,830,19,19,19,19,1111,97,1023,116.4,1.8,0.0,20.1
$INFO,831,19,19,19,19,1111,97,1023,115.9,1.8,0.0,20.1
$INFO,832,19,19,19,19,1111,98,1023,116.2,1.8,0.0,20.2
$INFO,833,19,19,19,19,1111,99,1023,116.0,1.8,0.0,20.2
$INFO,834,19,19,19,19,1111,98,1023,116.0,1.8,0.0,20.1
$INFO,835,19,19,19,19,1111,98,1023,116.0,1.8,0.0,20.1
$INFO,836,19,19,19,19,1111,98,1023,116.6,1.8,0.0,20.1
$INFO,837,19,19,19,19,1111,98,1023,116.6,1.8,0.0,20.1
$INFO,838,19,19,19,19,1111,96,1023,116.5,1.8,0.0,20.2
$INFO,839,19,19,19,19,1111,95,1023,117.1,1.8,0.0,20.1
$INFO,840,19,19,19,19,1111,96,1023,116.6,1.8,0.0,20.1
$INFO,841,19,19,19,19,1111,98,1023,116.6,1.8,0.0,20.2
$INFO,842,19,19,19,19,1111,97,1023,116.3,1.8,0.0,20.1
$INFO,843,19,19,19,19,1111,98,1023,117.2,1.8,0.0,20.1
$INFO,844,19,19,19,19,1111,97,1023,116.8,1.8,0.0,20.1
$INFO,845,19,19,19,19,1111,96,1023,117.1,1.8,0.0,20.1
$INFO,846,19,19,19,19,1111,96,1023,116.6,1.8,0.0,20.1
$INFO,847,19,19,19,19,1111,99,1023,117.2,1.8,0.0,20.1
$INFO,848,19,19,19,19,1111,98,1023,116.6,1.8,0.0,20.1
$INFO,849,19,19,19,19,1111,98,1023,116.8,1.8,0.0,20.1
$INFO,850,19,19,19,19,1111,97,1023,116.7,1.8,0.0,20.1
$INFO,851,19,19,19,19,1111,99,1023,117.4,1.8,-0.2,20.1
$INFO,852,19,19,19,19,1111,98,1023,116.6,1.8,-0.1,20.0
$INFO,853,19,19,19,19,1111,101,1023,117.4,1.8,-0.1,20.0
$INFO,854,19,19,19,19,1111,95,1023,116.5,1.8,0.1,20.1
$INFO,855,19,19,19,19,1111,97,1023,116.8,1.8,0.1,20.0
$INFO,856,19,19,19,19,1111,97,1023,116.6,1.8,0.1,20.1
$INFO,857,19,19,19,19,1111,98,1023,116.5,1.8,0.0,20.1
$INFO,858,19,19,19,19,1111,95,1023,117.2,1.8,0.0,20.1
$INFO,859,19,19,19,19,1111,96,1023,116.9,1.7,0.0,20.1
$INFO,860,19,19,19,19,1111,97,1023,116.9,1.7,0.0,20.2
$INFO,861,19,19,19,19,1111,98,1023,117.2,1.8,0.0,20.1
$INFO,862,19,19,19,19,1111,98,1023,117.5,1.8,0.0,20.1
$INFO,863,19,19,19,19,1111,97,1023,116.7,1.8,0.0,20.1
$INFO,864,19,19,19,19,1111,98,1023,116.7,1.8,0.0,20.1
$INFO,865,19,19,19,19,1111,97,1023,117.0,1.8,0.0,20.1
$INFO,866,19,19,19,19,1111,95,1023,116.7,1.8,0.0,20.1
$INFO,867,19,19,19,19,1111,97,1023,117.2,1.8,0.0,20.1
$INFO,868,19,19,19,19,1111,96,1023,116.8,1.8,0.0,20.1
$INFO,869,19,19,19,19,1111,98,1023,117.4,1.8,0.0,20.1
$INFO,870,19,19,19,19,1111,99,1023,116.5,1.8,0.0,20.1
$INFO,871,19,19,19,19,1111,96,1023,116.9,1.8,-0.1,20.1
$INFO,872,19,19,19,19,1111,96,1023,117.1,1.8,0.0,20.1
$INFO,873,19,19,19,19,1111,96,1023,116.9,1.8,0.0,20.1
$INFO,874,19,19,19,19,1111,98,1023,117.1,1.8,0.0,20.1
$INFO,875,19,19,19,19,1111,97,1023,116.5,1.8,0.0,20.1
$INFO,876,19,19,19,19,1111,99,1023,117.2,1.8,0.0,20.1
$INFO,877,19,19,19,19,1111,97,1023,116.9,1.8,0.0,20.1
$INFO,878,19,19,19,19,1111,98,1023,117.2,1.8,0.0,20.1
$INFO,879,19,19,19,19,1111,96,1023,116.5,1.8,0.0,20.1
$INFO,880,19,19,19,19,1111,97,1023,117.2,1.8,0.0,20.1
$INFO,881,19,19,19,19,1111,98,1023,117.0,1.8,-0.1,20.1
$INFO,882,19,19,19,19,1111,97,1023,116.7,1.8,-0.1,20.1
$INFO,883,19,19,19,19,1111,96,1023,116.7,1.8,0.0,20.1
$INFO,884,19,19,19,19,1111,98,1023,117.1,1.8,0.0,20.1
$INFO,885,19,19,19,19,1111,97,1023,116.9,1.8,0.0,20.1
$INFO,886,19,19,19,19,1111,98,1023,117.3,1.8,0.0,20.1
$INFO,887,19,19,19,19,1111,98,1023,116.7,1.8,0.0,20.1
$INFO,888,19,19,19,19,1111,95,1023,117.0,1.8,0.0,20.1
$INFO,889,19,19,19,19,1111,98,1023,116.8,1.8,0.0,20.1
$INFO,890,19,19,19,19,1111,98,1023,117.4,1.8,0.0,20.1
$INFO,891,19,19,19,19,1111,97,1023,116.7,1.8,0.0,20.1
$INFO,892,19,19,19,19,1111,96,1023,116.8,1.8,0.0,20.1
$INFO,893,19,19,19,19,1111,95,1023,116.8,1.8,0.0,20.0
$INFO,894,19,19,19,19,1111,100,1023,117.5,1.8,0.0,20.0
$INFO,895,19,19,19,19,1111,97,1023,116.6,1.8,0.0,20.1
$INFO,896,19,19,19,19,1111,96,1023,117.0,1.8,0.0,20.1
$INFO,897,19,19,19,19,1111,97,1023,116.6,1.8,0.0,20.1
$INFO,898,19,19,19,19,1111,97,1023,117.2,1.8,0.0,20.0
$INFO,899,19,19,19,19,1111,98,1023,116.7,1.8,0.0,20.1
$INFO,900,19,19,19,19,1111,96,1023,117.0,1.8,0.0,20.1
$INFO,901,19,19,19,19,1111,98,1023,117.0,1.8,0.0,20.1
$INFO,902,19,19,19,19,1111,98,1023,117.4,1.8,0.0,20.0
$INFO,903,19,19,19,19,1111,96,1023,116.4,1.8,0.0,20.0
$INFO,904,19,19,19,19,1111,99,1023,117.3,1.8,0.0,20.1
$INFO,905,19,19,19,19,1111,96,1023,116.5,1.8,0.0,20.1
$INFO,906,19,19,19,19,1111,96,1023,116.9,1.8,0.0,20.1
$INFO,907,19,19,19,19,1111,97,1023,116.5,1.8,0.0,20.1
$INFO,908,19,19,19,19,1111,97,1023,117.2,1.8,0.0,20.1
$INFO,909,19,19,19,19,1111,98,1023,116.7,1.8,-0.1,20.1
$INFO,910,19,19,19,19,1111,97,1023,117.0,1.8,-0.1,20.0
$INFO,911,19,19,19,19,1111,97,1023,116.5,1.8,-0.2,20.0
$INFO,912,19,19,19,19,1111,96,1023,116.7,1.8,-0.2,20.0
$INFO,913,19,19,19,19,1111,98,1023,116.6,1.8,-0.1,20.0
$INFO,914,19,19,19,19,1111,97,1023,116.6,1.8,-0.1,20.0
$INFO,915,19,19,19,19,1111,98,1023,116.6,1.8,0.0,20.0
$INFO,916,19,19,19,19,1111,96,1023,116.4,1.8,-0.1,20.0
$INFO,917,19,19,19,19,1111,97,1023,117.3,1.8,-0.1,20.1
$INFO,918,19,19,19,19,1111,97,1023,117.3,1.8,-0.1,20.1
$INFO,919,19,19,19,19,1111,98,1023,116.9,1.8,-0.1,20.1
$INFO,920,19,19,19,19,1111,100,1023,116.8,1.8,0.0,20.1
$INFO,921,19,19,19,19,1111,98,1023,116.6,1.8,0.0,20.1
$INFO,922,19,19,19,19,1111,99,1023,116.7,1.8,0.0,20.1
$INFO,923,19,19,19,19,1111,98,1023,117.6,1.8,0.0,20.1
$INFO,924,19,19,19,19,1111,98,1023,116.8,1.8,-0.1,20.1
$INFO,925,19,19,19,19,1111,99,1023,116.8,1.8,0.0,20.1
$INFO,926,19,19,19,19,1111,98,1023,116.4,1.8,0.0,20.0
$INFO,927,19,19,19,19,1111,96,1023,117.1,1.8,0.0,20.0
$INFO,928,19,19,19,19,1111,101,1023,116.5,1.8,0.0,20.1
$INFO,929,19,19,19,19,1111,96,1023,117.1,1.8,0.0,20.0
$INFO,930,19,19,19,19,1111,99,1023,116.4,1.8,0.2,20.1
$INFO,931,19,19,19,19,1111,100,1023,117.0,1.8,0.0,20.0
$INFO,932,19,19,19,19,1111,97,1023,116.7,1.8,-0.1,20.1
$INFO,933,19,19,19,19,1111,97,1023,116.5,1.8,-0.1,20.1
$INFO,934,19,19,19,19,1111,98,1023,116.2,1.8,-0.1,20.1
$INFO,935,19,19,19,19,1111,99,1023,116.3,1.8,0.1,20.1
$INFO,936,19,19,19,19,1111,96,1023,116.6,1.8,0.0,20.1
$INFO,937,19,19,19,19,1111,97,1023,117.0,1.8,0.0,20.1
$INFO,938,19,19,19,19,1111,100,1023,116.9,1.8,0.0,20.1
$INFO,939,19,19,19,19,1111,97,1023,117.7,1.8,-0.1,20.1
$INFO,940,19,19,19,19,1111,98,1023,116.5,1.8,0.0,20.1
$INFO,941,19,19,19,19,1111,97,1023,117.5,1.8,-0.1,20.1
$INFO,942,19,19,19,19,1111,98,1023,116.0,1.8,-0.1,20.1
$INFO,943,19,19,19,19,1111,100,1023,116.3,1.8,0.0,20.1
$INFO,944,19,19,19,19,1111,101,1023,116.5,1.8,0.0,20.1
$INFO,945,19,19,19,19,1111,95,1023,116.5,1.8,0.0,20.1
$INFO,946,19,19,19,19,1111,98,1023,116.5,1.8,0.0,20.1
$INFO,947,19,19,19,19,1111,97,1023,117.2,1.8,0.0,20.1
$INFO,948,19,19,19,19,1111,100,1023,116.7,1.8,0.0,20.1
$INFO,949,19,19,19,19,1111,98,1023,116.7,1.8,0.0,20.1
$INFO,950,19,19,19,19,1111,97,1023,116.7,1.8,0.0,20.1
$INFO,951,19,19,19,19,1111,98,1023,117.6,1.8,0.0,20.1
$INFO,952,19,19,19,19,1111,97,1023,116.7,1.8,0.0,20.1
$INFO,953,19,19,19,19,1111,98,1023,117.2,1.8,0.0,20.1
$INFO,954,19,19,19,19,1111,96,1023,116.8,1.8,0.0,20.1
$INFO,955,19,19,19,19,1111,98,1023,117.2,1.8,0.0,20.1
$INFO,956,19,19,19,19,1111,97,1023,116.6,1.8,0.0,20.1
$INFO,957,19,19,19,19,1111,97,1023,116.9,1.8,0.0,20.1
$INFO,958,19,19,19,19,1111,97,1023,116.9,1.7,0.0,20.0
$INFO,959,19,19,19,19,1111,97,1023,116.7,1.7,0.0,20.0
$INFO,960,19,19,19,19,1111,98,1023,116.7,1.7,0.0,20.1
$INFO,961,19,19,19,19,1111,97,1023,116.9,1.8,0.0,20.1
$INFO,962,19,19,19,19,1111,98,1023,116.9,1.8,0.0,20.1
$INFO,963,19,19,19,19,1111,97,1023,116.3,1.8,0.0,20.1
$INFO,964,19,19,19,19,1111,98,1023,116.3,1.8,0.0,20.1
>>> $PRO,-20,-20,-20,-20
$PRO,-20,-20,-20,-20

j'ai recu ca -> $PRO,-20,-20,-20,-20

$INFO,965,-20,-20,-20,-20,1111,97,1023,116.7,1.8,0.0,20.1
$INFO,966,-20,-20,-20,-20,1111,98,1023,116.5,1.8,0.0,20.1
$INFO,967,-20,-20,-20,-20,1111,97,1023,116.3,1.8,0.1,20.1
$INFO,968,-20,-20,-20,-20,1111,98,1023,117.4,1.8,0.1,20.1
$INFO,969,-20,-20,-20,-20,1111,100,1023,116.7,1.8,0.0,20.1
$INFO,970,-20,-20,-20,-20,1111,97,1023,116.6,1.8,0.0,20.1
$INFO,971,-20,-20,-20,-20,1111,98,1023,116.4,1.8,0.0,20.1
$INFO,972,-20,-20,-20,-20,1111,97,1023,117.0,1.8,0.0,20.1
$INFO,973,-20,-20,-20,-20,1111,97,1023,116.5,1.8,0.0,20.1
$INFO,974,-20,-20,-20,-20,1111,97,1023,116.9,1.8,0.0,20.1
$INFO,975,-20,-20,-20,-20,1111,98,1023,116.5,1.8,0.0,20.1
$INFO,976,-20,-20,-20,-20,1111,96,1023,117.1,1.8,0.0,20.1
$INFO,977,-20,-20,-20,-20,1111,97,1023,116.7,1.8,0.0,20.1
$INFO,978,-20,-20,-20,-20,1111,96,1023,117.2,1.8,0.0,20.1
$INFO,979,-20,-20,-20,-20,1111,100,1023,116.6,1.8,0.0,20.1
$INFO,980,-20,-20,-20,-20,1111,99,1023,117.5,1.8,0.0,20.1
$INFO,981,-20,-20,-20,-20,1111,98,1023,117.0,1.8,0.0,20.2
$INFO,982,-20,-20,-20,-20,1111,100,1023,117.0,1.8,0.0,20.2
$INFO,983,-20,-20,-20,-20,1111,97,1023,116.8,1.8,0.0,20.2
$INFO,984,-20,-20,-20,-20,1111,98,1023,117.6,1.8,0.0,20.2
$INFO,985,-20,-20,-20,-20,1111,97,1023,117.2,1.8,0.0,20.2
$INFO,986,-20,-20,-20,-20,1111,98,1023,117.3,1.8,0.0,20.1
$INFO,987,-20,-20,-20,-20,1111,98,1023,117.7,1.8,0.0,20.1
$INFO,988,-20,-20,-20,-20,1111,96,1023,117.3,1.8,0.0,20.1
$INFO,989,-20,-20,-20,-20,1111,98,1023,117.0,1.8,0.0,20.1
$INFO,990,-20,-20,-20,-20,1111,95,1023,117.0,1.8,-0.1,20.1
$INFO,991,-20,-20,-20,-20,1111,98,1023,117.8,1.8,-0.1,20.1
$INFO,992,-20,-20,-20,-20,1111,97,1023,117.2,1.8,-0.1,20.1
$INFO,993,-20,-20,-20,-20,1111,97,1023,117.2,1.8,-0.1,20.1
$INFO,994,-20,-20,-20,-20,1111,96,1023,117.2,1.8,0.0,20.1
$INFO,995,-20,-20,-20,-20,1111,97,1023,117.2,1.8,0.0,20.2
$INFO,996,-20,-20,-20,-20,1111,97,1023,116.8,1.8,0.0,20.1
$INFO,997,-20,-20,-20,-20,1111,97,1023,116.8,1.8,0.0,20.1
$INFO,998,-20,-20,-20,-20,1111,98,1023,116.4,1.8,0.0,20.1
$INFO,999,-20,-20,-20,-20,1111,100,1023,116.9,1.8,0.0,20.1
$INFO,1000,-20,-20,-20,-20,1111,97,1023,116.0,1.8,0.0,20.1
$INFO,1001,-20,-20,-20,-20,1111,97,1023,116.1,1.8,0.0,20.2
$INFO,1002,-20,-20,-20,-20,1111,100,1023,116.1,1.8,0.0,20.2
$INFO,1003,-20,-20,-20,-20,1111,97,1023,116.5,1.8,0.0,20.1
$INFO,1004,-20,-20,-20,-20,1111,99,1023,116.2,1.8,0.0,20.1
$INFO,1005,-20,-20,-20,-20,1111,97,1023,116.9,1.8,0.0,20.1
$INFO,1006,-20,-20,-20,-20,1111,98,1023,116.6,1.8,0.0,20.2
$INFO,1007,-20,-20,-20,-20,1111,98,1023,117.0,1.8,0.0,20.1
$INFO,1008,-20,-20,-20,-20,1111,98,1023,116.7,1.8,0.0,20.1
$INFO,1009,-20,-20,-20,-20,1111,99,1023,116.9,1.8,0.0,20.1
$INFO,1010,-20,-20,-20,-20,1111,95,1023,116.9,1.8,0.0,20.1
$INFO,1011,-20,-20,-20,-20,1111,98,1023,117.4,1.8,0.0,20.1
$INFO,1012,-20,-20,-20,-20,1111,98,1023,116.8,1.8,0.0,20.1
$INFO,1013,-20,-20,-20,-20,1111,96,1023,117.2,1.8,-0.1,20.2
$INFO,1014,-20,-20,-20,-20,1111,98,1023,116.8,1.8,-0.1,20.1
$INFO,1015,-20,-20,-20,-20,1111,97,1023,117.9,1.8,-0.1,20.1
$INFO,1016,-20,-20,-20,-20,1111,97,1023,117.9,1.8,-0.1,20.1
$INFO,1017,-20,-20,-20,-20,1111,98,1023,117.9,1.8,-0.1,20.1
$INFO,1018,-20,-20,-20,-20,1111,96,1023,117.3,1.8,-0.1,20.2
$INFO,1019,-20,-20,-20,-20,1111,98,1023,117.3,1.8,-0.1,20.2
$INFO,1020,-20,-20,-20,-20,1111,100,1023,117.3,1.8,0.0,20.2
$INFO,1021,-20,-20,-20,-20,1111,98,1023,117.3,1.8,0.0,20.2
$INFO,1022,-20,-20,-20,-20,1111,98,1023,116.8,1.8,0.0,20.2
$INFO,1023,-20,-20,-20,-20,1111,97,1023,116.8,1.8,0.0,20.1
$INFO,1024,-20,-20,-20,-20,1111,95,1023,117.4,1.8,0.0,20.1
$INFO,1025,-20,-20,-20,-20,1111,98,1023,117.1,1.8,-0.1,20.2
$INFO,1026,-20,-20,-20,-20,1111,97,1023,116.9,1.8,-0.1,20.1
$INFO,1027,-20,-20,-20,-20,1111,97,1023,116.5,1.8,-0.1,20.2
$INFO,1028,-20,-20,-20,-20,1111,97,1023,116.2,1.8,-0.1,20.2
$INFO,1029,-20,-20,-20,-20,1111,97,1023,115.8,1.8,0.0,20.2
$INFO,1030,-20,-20,-20,-20,1111,98,1023,115.4,1.8,0.0,20.2
$INFO,1031,-20,-20,-20,-20,1111,98,1023,115.9,1.8,0.0,20.2
$INFO,1032,-20,-20,-20,-20,1111,97,1023,116.1,1.8,0.0,20.2
$INFO,1033,-20,-20,-20,-20,1111,97,1023,115.9,1.8,-0.1,20.1
$INFO,1034,-20,-20,-20,-20,1111,96,1023,116.7,1.8,-0.1,20.1
$INFO,1035,-20,-20,-20,-20,1111,98,1023,116.9,1.8,0.0,20.1
$INFO,1036,-20,-20,-20,-20,1111,97,1023,116.5,1.8,0.0,20.1
$INFO,1037,-20,-20,-20,-20,1111,97,1023,116.5,1.8,0.0,20.1
$INFO,1038,-20,-20,-20,-20,1111,98,1023,116.5,1.8,-0.2,20.1
$INFO,1039,-20,-20,-20,-20,1111,98,1023,116.4,1.8,0.0,20.1
$INFO,1040,-20,-20,-20,-20,1111,97,1023,116.4,1.8,0.0,20.2
$INFO,1041,-20,-20,-20,-20,1111,97,1023,116.6,1.8,-0.1,20.2
$INFO,1042,-20,-20,-20,-20,1111,97,1023,116.9,1.8,-0.1,20.2
$INFO,1043,-20,-20,-20,-20,1111,95,1023,116.4,1.8,-0.3,20.2
$INFO,1044,-20,-20,-20,-20,1111,97,1023,116.4,1.8,-0.3,20.2
$INFO,1045,-20,-20,-20,-20,1111,97,1023,116.2,1.8,-0.2,20.2
$INFO,1046,-20,-20,-20,-20,1111,96,1023,116.0,1.8,0.0,20.2
$INFO,1047,-20,-20,-20,-20,1111,95,1023,116.9,1.8,0.0,20.2
$INFO,1048,-20,-20,-20,-20,1111,99,1023,116.6,1.8,0.0,20.2
$INFO,1049,-20,-20,-20,-20,1111,98,1023,117.1,1.8,0.0,20.2
$INFO,1050,-20,-20,-20,-20,1111,98,1023,116.8,1.8,0.0,20.2
$INFO,1051,-20,-20,-20,-20,1111,101,1023,117.0,1.8,0.0,20.1
$INFO,1052,-20,-20,-20,-20,1111,98,1023,116.4,1.8,0.0,20.2
$INFO,1053,-20,-20,-20,-20,1111,97,1023,117.1,1.8,0.0,20.2
$INFO,1054,-20,-20,-20,-20,1111,97,1023,116.7,1.8,0.0,20.2
$INFO,1055,-20,-20,-20,-20,1111,98,1023,116.7,1.8,0.0,20.2
$INFO,1056,-20,-20,-20,-20,1111,96,1023,116.3,1.8,0.0,20.2
$INFO,1057,-20,-20,-20,-20,1111,97,1023,116.9,1.8,0.0,20.2
$INFO,1058,-20,-20,-20,-20,1111,98,1023,116.9,1.8,0.0,20.1
$INFO,1059,-20,-20,-20,-20,1111,97,1023,116.4,1.8,0.0,20.2
$INFO,1060,-20,-20,-20,-20,1111,100,1023,116.2,1.8,0.0,20.2
$INFO,1061,-20,-20,-20,-20,1111,97,1023,116.6,1.8,0.0,20.2
$INFO,1062,-20,-20,-20,-20,1111,98,1023,116.6,1.8,0.0,20.1
$INFO,1063,-20,-20,-20,-20,1111,97,1023,116.1,1.8,0.0,20.1
$INFO,1064,-20,-20,-20,-20,1111,95,1023,116.1,1.8,0.0,20.1
$INFO,1065,-20,-20,-20,-20,1111,96,1023,116.5,1.8,0.0,20.1
$INFO,1066,-20,-20,-20,-20,1111,98,1023,116.5,1.8,0.0,20.1
$INFO,1067,-20,-20,-20,-20,1111,98,1023,116.2,1.8,0.0,20.1
$INFO,1068,-20,-20,-20,-20,1111,97,1023,117.1,1.8,0.0,20.1
$INFO,1069,-20,-20,-20,-20,1111,100,1023,116.9,1.8,0.0,20.2
$INFO,1070,-20,-20,-20,-20,1111,98,1023,116.6,1.8,0.0,20.2
$INFO,1071,-20,-20,-20,-20,1111,98,1023,116.6,1.8,0.0,20.2
$INFO,1072,-20,-20,-20,-20,1111,98,1023,117.1,1.8,0.0,20.2
$INFO,1073,-20,-20,-20,-20,1111,98,1023,116.8,1.8,0.0,20.2
$INFO,1074,-20,-20,-20,-20,1111,95,1023,117.1,1.8,0.0,20.2
$INFO,1075,-20,-20,-20,-20,1111,98,1023,116.7,1.8,0.0,20.2
$INFO,1076,-20,-20,-20,-20,1111,98,1023,117.4,1.8,-0.1,20.1
$INFO,1077,-20,-20,-20,-20,1111,99,1023,116.8,1.8,0.0,20.2
$INFO,1078,-20,-20,-20,-20,1111,96,1023,117.5,1.8,0.0,20.2
$INFO,1079,-20,-20,-20,-20,1111,97,1023,116.5,1.8,0.0,20.1
$INFO,1080,-20,-20,-20,-20,1111,98,1023,116.7,1.8,0.0,20.2
$INFO,1081,-20,-20,-20,-20,1111,98,1023,116.6,1.8,0.0,20.1
$INFO,1082,-20,-20,-20,-20,1111,98,1023,117.3,1.8,0.0,20.2
$INFO,1083,-20,-20,-20,-20,1111,99,1023,116.5,1.8,0.0,20.1
$INFO,1084,-20,-20,-20,-20,1111,98,1023,116.8,1.8,0.0,20.1
$INFO,1085,-20,-20,-20,-20,1111,97,1023,116.8,1.8,0.0,20.1
$INFO,1086,-20,-20,-20,-20,1111,100,1023,117.3,1.8,0.0,20.2
$INFO,1087,-20,-20,-20,-20,1111,96,1023,116.8,1.8,0.0,20.2
$INFO,1088,-20,-20,-20,-20,1111,97,1023,116.8,1.8,0.0,20.2
$INFO,1089,-20,-20,-20,-20,1111,97,1023,117.0,1.8,0.0,20.2
$INFO,1090,-20,-20,-20,-20,1111,98,1023,117.5,1.8,0.0,20.1
$INFO,1091,-20,-20,-20,-20,1111,96,1023,116.7,1.8,0.0,20.1
$INFO,1092,-20,-20,-20,-20,1111,98,1023,116.7,1.8,0.0,20.1
$INFO,1093,-20,-20,-20,-20,1111,97,1023,116.9,1.8,0.0,20.2
$INFO,1094,-20,-20,-20,-20,1111,97,1023,116.5,1.8,0.0,20.2
$INFO,1095,-20,-20,-20,-20,1111,97,1023,116.2,1.8,0.0,20.2
$INFO,1096,-20,-20,-20,-20,1111,96,1023,117.2,1.8,0.0,20.2
$INFO,1097,-20,-20,-20,-20,1111,97,1023,116.6,1.8,0.0,20.2
$INFO,1098,-20,-20,-20,-20,1111,97,1023,116.9,1.8,0.0,20.2
$INFO,1099,-20,-20,-20,-20,1111,97,1023,116.6,1.8,0.0,20.2
$INFO,1100,-20,-20,-20,-20,1111,97,1023,117.4,1.8,0.0,20.2
$INFO,1101,-20,-20,-20,-20,1111,96,1023,116.8,1.8,0.0,20.2
$INFO,1102,-20,-20,-20,-20,1111,96,1023,116.9,1.8,0.0,20.2
$INFO,1103,-20,-20,-20,-20,1111,97,1023,116.7,1.8,0.0,20.1
$INFO,1104,-20,-20,-20,-20,1111,99,1023,117.4,1.8,0.0,20.1
$INFO,1105,-20,-20,-20,-20,1111,97,1023,116.9,1.8,0.0,20.1
$INFO,1106,-20,-20,-20,-20,1111,99,1023,116.9,1.8,0.0,20.1
$INFO,1107,-20,-20,-20,-20,1111,97,1023,117.5,1.8,-0.1,20.2
$INFO,1108,-20,-20,-20,-20,1111,99,1023,116.7,1.8,-0.1,20.2
$INFO,1109,-20,-20,-20,-20,1111,97,1023,117.3,1.8,-0.1,20.2
$INFO,1110,-20,-20,-20,-20,1111,98,1023,117.3,1.8,0.0,20.2
$INFO,1111,-20,-20,-20,-20,1111,98,1023,117.3,1.8,0.0,20.1
$INFO,1112,-20,-20,-20,-20,1111,97,1023,117.3,1.8,0.0,20.1
$INFO,1113,-20,-20,-20,-20,1111,96,1023,116.9,1.8,0.0,20.2
$INFO,1114,-20,-20,-20,-20,1111,96,1023,116.9,1.8,0.0,20.2
$INFO,1115,-20,-20,-20,-20,1111,97,1023,117.2,1.8,0.0,20.2
$INFO,1116,-20,-20,-20,-20,1111,96,1023,117.7,1.8,0.0,20.2
$INFO,1117,-20,-20,-20,-20,1111,98,1023,116.8,1.8,0.0,20.2
$INFO,1118,-20,-20,-20,-20,1111,97,1023,117.0,1.8,0.0,20.2
$INFO,1119,-20,-20,-20,-20,1111,98,1023,117.1,1.8,0.1,20.2
$INFO,1120,-20,-20,-20,-20,1111,102,1023,116.7,1.8,0.0,20.2
$INFO,1121,-20,-20,-20,-20,1111,96,1023,116.7,1.8,-0.1,20.2
$INFO,1122,-20,-20,-20,-20,1111,96,1023,117.0,1.8,0.0,20.2
$INFO,1123,-20,-20,-20,-20,1111,98,1023,116.4,1.8,0.0,20.2
$INFO,1124,-20,-20,-20,-20,1111,96,1023,117.1,1.8,0.0,20.2
$INFO,1125,-20,-20,-20,-20,1111,97,1023,116.8,1.8,0.0,20.3
$INFO,1126,-20,-20,-20,-20,1111,96,1023,117.6,1.8,-0.1,20.2
$INFO,1127,-20,-20,-20,-20,1111,97,1023,117.0,1.8,-0.1,20.2
$INFO,1128,-20,-20,-20,-20,1111,97,1023,117.6,1.8,-0.1,20.2
$INFO,1129,-20,-20,-20,-20,1111,97,1023,117.6,1.8,-0.1,20.2
$INFO,1130,-20,-20,-20,-20,1111,97,1023,117.8,1.8,0.0,20.3
$INFO,1131,-20,-20,-20,-20,1111,98,1023,117.6,1.8,0.0,20.2
$INFO,1132,-20,-20,-20,-20,1111,98,1023,116.9,1.8,0.0,20.2
$INFO,1133,-20,-20,-20,-20,1111,97,1023,116.9,1.8,0.0,20.2
$INFO,1134,-20,-20,-20,-20,1111,100,1023,116.9,1.8,0.0,20.2
$INFO,1135,-20,-20,-20,-20,1111,96,1023,117.6,1.8,0.0,20.2
$INFO,1136,-20,-20,-20,-20,1111,96,1023,117.3,1.8,0.0,20.2
$INFO,1137,-20,-20,-20,-20,1111,96,1023,116.9,1.8,0.0,20.1
$INFO,1138,-20,-20,-20,-20,1111,98,1023,116.9,1.8,0.0,20.2
$INFO,1139,-20,-20,-20,-20,1111,96,1023,117.4,1.8,0.0,20.2
$INFO,1140,-20,-20,-20,-20,1111,98,1023,116.8,1.8,0.0,20.2
$INFO,1141,-20,-20,-20,-20,1111,97,1023,116.9,1.8,0.0,20.1
$INFO,1142,-20,-20,-20,-20,1111,97,1023,116.9,1.8,0.0,20.2
$INFO,1143,-20,-20,-20,-20,1111,98,1023,117.3,1.8,0.0,20.2
$INFO,1144,-20,-20,-20,-20,1111,97,1023,116.9,1.8,0.0,20.2
$INFO,1145,-20,-20,-20,-20,1111,97,1023,116.9,1.8,0.0,20.2
$INFO,1146,-20,-20,-20,-20,1111,99,1023,117.2,1.8,0.0,20.2
$INFO,1147,-20,-20,-20,-20,1111,97,1023,117.2,1.8,0.0,20.2
$INFO,1148,-20,-20,-20,-20,1111,96,1023,116.9,1.8,0.0,20.2
$INFO,1149,-20,-20,-20,-20,1111,96,1023,117.9,1.8,0.0,20.2
$INFO,1150,-20,-20,-20,-20,1111,97,1023,117.3,1.8,0.0,20.2
$INFO,1151,-20,-20,-20,-20,1111,96,1023,117.1,1.8,0.0,20.2
$INFO,1152,-20,-20,-20,-20,1111,97,1023,116.8,1.8,0.0,20.2
$INFO,1153,-20,-20,-20,-20,1111,97,1023,117.8,1.8,0.0,20.2
$INFO,1154,-20,-20,-20,-20,1111,98,1023,117.0,1.8,0.0,20.2
$INFO,1155,-20,-20,-20,-20,1111,97,1023,117.4,1.8,0.0,20.1
$INFO,1156,-20,-20,-20,-20,1111,97,1023,117.0,1.8,0.0,20.2
>>> $PRO,0,0,0,0
$PRO,0,0,0,0

j'ai recu ca -> $PRO,0,0,0,0

$INFO,1157,-2,-2,-2,-2,1111,98,1023,117.4,1.8,0.0,20.2
$INFO,1158,-2,-2,-2,-2,1111,98,1023,116.8,1.8,0.0,20.2
$INFO,1159,-2,-2,-2,-2,1111,98,1023,116.8,1.8,0.0,20.2
$INFO,1160,-2,-2,-2,-2,1111,100,1023,116.2,1.8,0.0,20.2
$INFO,1161,-2,-2,-2,-2,1111,96,1023,116.7,1.8,0.0,20.2
$INFO,1162,-2,-2,-2,-2,1111,97,1023,116.3,1.8,0.0,20.2
$INFO,1163,-2,-2,-2,-2,1111,97,1023,116.4,1.8,0.0,20.2
$INFO,1164,-2,-2,-2,-2,1111,97,1023,116.2,1.8,0.0,20.2
$INFO,1165,-2,-2,-2,-2,1111,98,1023,117.0,1.8,0.0,20.2
$INFO,1166,-2,-2,-2,-2,1111,99,1023,116.5,1.8,0.0,20.2
$INFO,1167,-2,-2,-2,-2,1111,97,1023,116.5,1.8,0.0,20.2
$INFO,1168,-2,-2,-2,-2,1111,98,1023,116.8,1.8,0.0,20.2
$INFO,1169,-2,-2,-2,-2,1111,97,1023,116.4,1.8,0.0,20.2
$INFO,1170,-2,-2,-2,-2,1111,100,1023,116.4,1.8,0.0,20.2
$INFO,1171,-2,-2,-2,-2,1111,98,1023,116.2,1.8,0.0,20.2
$INFO,1172,-2,-2,-2,-2,1111,97,1023,116.9,1.8,0.0,20.2
$INFO,1173,-2,-2,-2,-2,1111,100,1023,116.7,1.8,0.0,20.2
$INFO,1174,-2,-2,-2,-2,1111,98,1023,116.3,1.8,0.0,20.2
$INFO,1175,-2,-2,-2,-2,1111,97,1023,116.2,1.8,0.0,20.2
$INFO,1176,-2,-2,-2,-2,1111,98,1023,116.7,1.8,0.0,20.2
$INFO,1177,-2,-2,-2,-2,1111,99,1023,116.1,1.8,0.0,20.2
$INFO,1178,-2,-2,-2,-2,1111,99,1023,116.3,1.8,0.0,20.2
$INFO,1179,-2,-2,-2,-2,1111,97,1023,116.3,1.8,0.0,20.2
$INFO,1180,-2,-2,-2,-2,1111,98,1023,116.7,1.8,0.0,20.2
$INFO,1181,-2,-2,-2,-2,1111,98,1023,116.2,1.8,0.0,20.2
$INFO,1182,-2,-2,-2,-2,1111,98,1023,116.4,1.8,0.0,20.2
$INFO,1183,-2,-2,-2,-2,1111,97,1023,116.0,1.8,0.0,20.2
$INFO,1184,-2,-2,-2,-2,1111,98,1023,116.8,1.8,0.0,20.2
$INFO,1185,-2,-2,-2,-2,1111,98,1023,116.3,1.8,0.0,20.2
$INFO,1186,-2,-2,-2,-2,1111,98,1023,116.3,1.8,0.0,20.2
$INFO,1187,-2,-2,-2,-2,1111,100,1023,116.1,1.8,0.0,20.2
$INFO,1188,-2,-2,-2,-2,1111,98,1023,117.0,1.8,0.0,20.2
$INFO,1189,-2,-2,-2,-2,1111,96,1023,116.3,1.8,0.0,20.2
$INFO,1190,-2,-2,-2,-2,1111,98,1023,116.4,1.8,0.0,20.2
$INFO,1191,-2,-2,-2,-2,1111,97,1023,116.4,1.8,0.0,20.3
$INFO,1192,-2,-2,-2,-2,1111,97,1023,116.9,1.8,0.0,20.2
$INFO,1193,-2,-2,-2,-2,1111,100,1023,116.2,1.8,0.0,20.2
$INFO,1194,-2,-2,-2,-2,1111,99,1023,117.0,1.8,0.0,20.2
$INFO,1195,-2,-2,-2,-2,1111,98,1023,116.4,1.8,0.0,20.2
$INFO,1196,-2,-2,-2,-2,1111,97,1023,116.4,1.8,0.0,20.2
$INFO,1197,-2,-2,-2,-2,1111,98,1023,116.2,1.8,0.0,20.2
$INFO,1198,-2,-2,-2,-2,1111,98,1023,116.9,1.8,0.0,20.2
$INFO,1199,-2,-2,-2,-2,1111,98,1023,116.4,1.8,0.0,20.2
$INFO,1200,-2,-2,-2,-2,1111,96,1023,116.3,1.8,0.0,20.2
$INFO,1201,-2,-2,-2,-2,1111,98,1023,116.3,1.8,0.0,20.2
$INFO,1202,-2,-2,-2,-2,1111,97,1023,116.9,1.8,0.0,20.2
$INFO,1203,-2,-2,-2,-2,1111,99,1023,116.6,1.7,0.1,20.2
$INFO,1204,-2,-2,-2,-2,1111,99,1023,115.8,1.9,0.6,20.2
$INFO,1205,-2,-2,-2,-2,1111,99,1023,115.9,1.9,0.5,20.2
$INFO,1206,-2,-2,-2,-2,1111,98,1023,117.3,1.6,-0.1,20.2
$INFO,1207,-2,-2,-2,-2,1111,96,1023,115.9,1.9,-0.1,20.2
$INFO,1208,-2,-2,-2,-2,1111,98,1023,116.2,1.7,-0.1,20.2
$INFO,1209,-2,-2,-2,-2,1111,97,1023,115.4,1.9,0.0,20.2
$INFO,1210,-2,-2,-2,-2,1111,100,1023,116.3,1.8,0.0,20.1
$INFO,1211,-2,-2,-2,-2,1111,96,1023,116.3,1.8,0.0,20.2
$INFO,1212,-2,-2,-2,-2,1111,98,1023,116.6,1.8,0.0,20.2
$INFO,1213,-2,-2,-2,-2,1111,97,1023,116.3,1.8,0.0,20.2
$INFO,1214,-2,-2,-2,-2,1111,97,1023,116.6,1.8,0.0,20.2
$INFO,1215,-2,-2,-2,-2,1111,98,1023,116.2,1.8,0.0,20.2
$INFO,1216,-2,-2,-2,-2,1111,98,1023,116.7,1.8,0.0,20.2
$INFO,1217,-2,-2,-2,-2,1111,98,1023,116.4,1.8,0.0,20.2
$INFO,1218,-2,-2,-2,-2,1111,96,1023,116.4,1.8,0.5,20.2
$INFO,1219,-2,-2,-2,-2,1111,98,1023,115.8,1.8,0.5,20.2
$INFO,1220,-2,-2,-2,-2,1111,100,1023,116.7,1.8,0.0,20.2
$INFO,1221,-2,-2,-2,-2,1111,97,1023,116.8,1.6,-0.3,20.3
$INFO,1222,-2,-2,-2,-2,1111,98,1023,116.3,1.9,-0.1,20.2
$INFO,1223,-2,-2,-2,-2,1111,99,1023,116.3,1.9,-0.1,20.2
$INFO,1224,-2,-2,-2,-2,1111,98,1023,116.5,1.9,-0.1,20.2
$INFO,1225,-2,-2,-2,-2,1111,98,1023,116.6,1.9,0.0,20.2
$INFO,1226,-2,-2,-2,-2,1111,96,1023,116.7,1.9,0.0,20.2
$INFO,1227,-2,-2,-2,-2,1111,97,1023,116.4,1.9,0.0,20.2
$INFO,1228,-2,-2,-2,-2,1111,98,1023,116.5,1.9,0.0,20.2
$INFO,1229,-2,-2,-2,-2,1111,97,1023,116.2,1.8,0.0,20.2
$INFO,1230,-2,-2,-2,-2,1111,98,1023,116.7,1.8,0.0,20.2
$INFO,1231,-2,-2,-2,-2,1111,98,1023,116.4,1.8,0.0,20.2
$INFO,1232,-2,-2,-2,-2,1111,99,1023,116.6,1.8,0.0,20.2
$INFO,1233,-2,-2,-2,-2,1111,98,1023,116.1,1.8,0.0,20.2
$INFO,1234,-2,-2,-2,-2,1111,98,1023,116.7,1.8,0.0,20.2
$INFO,1235,-2,-2,-2,-2,1111,98,1023,116.3,1.8,0.0,20.2
$INFO,1236,-2,-2,-2,-2,1111,97,1023,116.7,1.8,-0.1,20.2
$INFO,1237,-2,-2,-2,-2,1111,100,1023,117.1,1.8,-0.1,20.2
$INFO,1238,-2,-2,-2,-2,1111,97,1023,116.9,1.8,-0.1,20.2
$INFO,1239,-2,-2,-2,-2,1111,97,1023,116.8,1.8,0.0,20.2
$INFO,1240,-2,-2,-2,-2,1111,98,1023,115.9,1.9,0.0,20.2
$INFO,1241,-2,-2,-2,-2,1111,99,1023,116.8,1.9,0.0,20.2
$INFO,1242,-2,-2,-2,-2,1111,99,1023,116.2,1.9,0.0,20.2
$INFO,1243,-2,-2,-2,-2,1111,98,1023,116.5,1.9,0.0,20.2
$INFO,1244,-2,-2,-2,-2,1111,98,1023,116.2,1.9,0.0,20.2
$INFO,1245,-2,-2,-2,-2,1111,97,1023,116.9,1.9,0.0,20.2
$INFO,1246,-2,-2,-2,-2,1111,97,1023,116.3,1.9,0.0,20.2
$INFO,1247,-2,-2,-2,-2,1111,97,1023,116.4,1.9,0.0,20.2
$INFO,1248,-2,-2,-2,-2,1111,98,1023,116.3,1.9,0.0,20.2
$INFO,1249,-2,-2,-2,-2,1111,98,1023,117.1,1.9,0.0,20.2
$INFO,1250,-2,-2,-2,-2,1111,98,1023,116.4,1.9,0.0,20.2
$INFO,1251,-2,-2,-2,-2,1111,98,1023,116.6,1.9,0.0,20.3
$INFO,1252,-2,-2,-2,-2,1111,97,1023,116.6,1.9,0.0,20.3
$INFO,1253,-2,-2,-2,-2,1111,98,1023,117.1,1.9,0.0,20.3
$INFO,1254,-2,-2,-2,-2,1111,99,1023,116.3,1.9,0.0,20.3
$INFO,1255,-2,-2,-2,-2,1111,98,1023,116.4,1.9,0.0,20.3
$INFO,1256,-2,-2,-2,-2,1111,98,1023,116.6,1.9,0.0,20.3
$INFO,1257,-2,-2,-2,-2,1111,98,1023,116.2,1.9,0.0,20.2
$INFO,1258,-2,-2,-2,-2,1111,98,1023,116.5,1.9,0.0,20.2
$INFO,1259,-2,-2,-2,-2,1111,97,1023,116.5,1.9,0.0,20.2
$INFO,1260,-2,-2,-2,-2,1111,98,1023,116.8,1.9,0.0,20.2
$INFO,1261,-2,-2,-2,-2,1111,98,1023,116.2,1.9,0.0,20.2
$INFO,1262,-2,-2,-2,-2,1111,98,1023,116.5,1.8,0.0,20.2
$INFO,1263,-2,-2,-2,-2,1111,96,1023,116.5,1.8,0.0,20.2
$INFO,1264,-2,-2,-2,-2,1111,97,1023,116.8,1.8,0.0,20.2
$INFO,1265,-2,-2,-2,-2,1111,97,1023,116.3,1.8,0.0,20.2
$INFO,1266,-2,-2,-2,-2,1111,97,1023,116.9,1.8,0.0,20.2
$INFO,1267,-2,-2,-2,-2,1111,99,1023,116.4,1.8,0.0,20.2
$INFO,1268,-2,-2,-2,-2,1111,99,1023,116.8,1.8,-0.1,20.2
$INFO,1269,-2,-2,-2,-2,1111,98,1023,116.2,1.8,-0.1,20.2
$INFO,1270,-2,-2,-2,-2,1111,97,1023,116.4,1.8,-0.1,20.3
$INFO,1271,-2,-2,-2,-2,1111,97,1023,115.8,1.8,0.0,20.2
$INFO,1272,-2,-2,-2,-2,1111,98,1023,116.5,1.8,0.0,20.2
$INFO,1273,-2,-2,-2,-2,1111,97,1023,116.2,1.8,0.0,20.2
$INFO,1274,-2,-2,-2,-2,1111,97,1023,117.0,1.8,0.0,20.2
$INFO,1275,-2,-2,-2,-2,1111,97,1023,116.3,1.8,0.0,20.2
$INFO,1276,-2,-2,-2,-2,1111,97,1023,116.6,1.8,0.0,20.2
$INFO,1277,-2,-2,-2,-2,1111,98,1023,116.4,1.8,0.0,20.2
$INFO,1278,-2,-2,-2,-2,1111,98,1023,117.1,1.8,0.0,20.2
$INFO,1279,-2,-2,-2,-2,1111,97,1023,116.4,1.8,0.0,20.2
$INFO,1280,-2,-2,-2,-2,1111,97,1023,116.6,1.8,0.0,20.2
$INFO,1281,-2,-2,-2,-2,1111,100,1023,116.3,1.8,0.0,20.2
$INFO,1282,-2,-2,-2,-2,1111,98,1023,117.1,1.8,0.0,20.2
$INFO,1283,-2,-2,-2,-2,1111,98,1023,116.3,1.8,0.0,20.2
$INFO,1284,-2,-2,-2,-2,1111,97,1023,116.4,1.8,0.0,20.3
$INFO,1285,-2,-2,-2,-2,1111,98,1023,116.3,1.8,0.0,20.2
$INFO,1286,-2,-2,-2,-2,1111,96,1023,116.3,1.8,0.0,20.2
$INFO,1287,-2,-2,-2,-2,1111,97,1023,116.1,1.8,0.0,20.2
$INFO,1288,-2,-2,-2,-2,1111,97,1023,117.0,1.8,0.0,20.2
$INFO,1289,-2,-2,-2,-2,1111,96,1023,116.6,1.8,0.0,20.2
$INFO,1290,-2,-2,-2,-2,1111,98,1023,116.6,1.8,0.0,20.2
$INFO,1291,-2,-2,-2,-2,1111,98,1023,116.3,1.8,0.0,20.2
$INFO,1292,-2,-2,-2,-2,1111,98,1023,116.9,1.8,0.0,20.2
$INFO,1293,-2,-2,-2,-2,1111,98,1023,116.4,1.8,0.0,20.2
$INFO,1294,-2,-2,-2,-2,1111,96,1023,116.7,1.8,0.0,20.2
$INFO,1295,-2,-2,-2,-2,1111,99,1023,116.4,1.8,0.0,20.2
$INFO,1296,-2,-2,-2,-2,1111,98,1023,116.8,1.8,0.0,20.2
$INFO,1297,-2,-2,-2,-2,1111,97,1023,116.4,1.8,0.0,20.2
$INFO,1298,-2,-2,-2,-2,1111,99,1023,116.8,1.8,0.0,20.2
$INFO,1299,-2,-2,-2,-2,1111,97,1023,116.3,1.8,0.0,20.2
$INFO,1300,-2,-2,-2,-2,1111,98,1023,116.9,1.8,0.0,20.2
$INFO,1301,-2,-2,-2,-2,1111,100,1023,116.4,1.8,0.0,20.2
$INFO,1302,-2,-2,-2,-2,1111,98,1023,116.2,1.8,0.0,20.2
$INFO,1303,-2,-2,-2,-2,1111,98,1023,116.2,1.8,0.0,20.2
$INFO,1304,-2,-2,-2,-2,1111,97,1023,116.8,1.8,0.0,20.2
$INFO,1305,-2,-2,-2,-2,1111,96,1023,116.6,1.8,0.0,20.2
$INFO,1306,-2,-2,-2,-2,1111,98,1023,116.4,1.8,0.0,20.2
$INFO,1307,-2,-2,-2,-2,1111,98,1023,117.1,1.8,0.0,20.2
$INFO,1308,-2,-2,-2,-2,1111,99,1023,116.6,1.8,0.0,20.3
$INFO,1309,-2,-2,-2,-2,1111,97,1023,116.6,1.8,0.0,20.2
$INFO,1310,-2,-2,-2,-2,1111,99,1023,116.4,1.8,0.0,20.2
$INFO,1311,-2,-2,-2,-2,1111,98,1023,117.2,1.8,0.0,20.2
$INFO,1312,-2,-2,-2,-2,1111,97,1023,116.7,1.8,0.0,20.2
$INFO,1313,-2,-2,-2,-2,1111,98,1023,116.4,1.8,0.0,20.2
$INFO,1314,-2,-2,-2,-2,1111,97,1023,116.4,1.8,0.0,20.2
$INFO,1315,-2,-2,-2,-2,1111,98,1023,117.0,1.8,0.0,20.2
$INFO,1316,-2,-2,-2,-2,1111,98,1023,116.3,1.8,0.0,20.3
$INFO,1317,-2,-2,-2,-2,1111,97,1023,116.8,1.8,0.0,20.2
$INFO,1318,-2,-2,-2,-2,1111,97,1023,116.4,1.8,0.0,20.2
$INFO,1319,-2,-2,-2,-2,1111,98,1023,117.1,1.8,0.0,20.2
$INFO,1320,-2,-2,-2,-2,1111,99,1023,116.3,1.8,0.0,20.2
$INFO,1321,-2,-2,-2,-2,1111,96,1023,116.6,1.8,0.0,20.2
$INFO,1322,-2,-2,-2,-2,1111,99,1023,116.4,1.8,0.0,20.2
$INFO,1323,-2,-2,-2,-2,1111,100,1023,117.1,1.8,0.0,20.2
$INFO,1324,-2,-2,-2,-2,1111,97,1023,116.3,1.8,0.0,20.2
$INFO,1325,-2,-2,-2,-2,1111,98,1023,116.6,1.8,0.0,20.2
$INFO,1326,-2,-2,-2,-2,1111,97,1023,116.5,1.8,0.0,20.2
$INFO,1327,-2,-2,-2,-2,1111,99,1023,117.1,1.8,0.0,20.2
$INFO,1328,-2,-2,-2,-2,1111,98,1023,116.4,1.8,0.0,20.2
$INFO,1329,-2,-2,-2,-2,1111,97,1023,116.6,1.8,0.0,20.2
$INFO,1330,-2,-2,-2,-2,1111,98,1023,116.9,1.8,0.0,20.2
$INFO,1331,-2,-2,-2,-2,1111,97,1023,117.1,1.8,0.0,20.2
$INFO,1332,-2,-2,-2,-2,1111,98,1023,116.4,1.8,0.0,20.2
$INFO,1333,-2,-2,-2,-2,1111,97,1023,116.4,1.8,0.0,20.2
$INFO,1334,-2,-2,-2,-2,1111,99,1023,116.7,1.8,0.0,20.2
$INFO,1335,-2,-2,-2,-2,1111,99,1023,117.4,1.8,0.0,20.2
$INFO,1336,-2,-2,-2,-2,1111,99,1023,116.4,1.8,0.0,20.2
$INFO,1337,-2,-2,-2,-2,1111,101,1023,117.1,1.8,0.0,20.2
$INFO,1338,-2,-2,-2,-2,1111,98,1023,116.5,1.8,0.0,20.2
$INFO,1339,-2,-2,-2,-2,1111,97,1023,116.8,1.8,0.0,20.2
$INFO,1340,-2,-2,-2,-2,1111,97,1023,116.4,1.8,0.0,20.2
$INFO,1341,-2,-2,-2,-2,1111,98,1023,117.1,1.8,0.0,20.2
$INFO,1342,-2,-2,-2,-2,1111,100,1023,116.4,1.8,0.0,20.1
$INFO,1343,-2,-2,-2,-2,1111,101,1023,116.4,1.8,0.0,20.2
$INFO,1344,-2,-2,-2,-2,1111,98,1023,116.4,1.8,0.0,20.2
$INFO,1345,-2,-2,-2,-2,1111,99,1023,117.3,1.8,0.0,20.2
$INFO,1346,-2,-2,-2,-2,1111,98,1023,116.7,1.8,0.0,20.2
$INFO,1347,-2,-2,-2,-2,1111,98,1023,116.7,1.8,0.0,20.2
$INFO,1348,-2,-2,-2,-2,1111,98,1023,117.0,1.8,0.0,20.2
$INFO,1349,-2,-2,-2,-2,1111,99,1023,116.8,1.8,0.0,20.2
$INFO,1350,-2,-2,-2,-2,1111,98,1023,116.5,1.8,0.0,20.3
$INFO,1351,-2,-2,-2,-2,1111,100,1023,116.3,1.8,0.0,20.2
$INFO,1352,-2,-2,-2,-2,1111,100,1023,117.1,1.8,0.0,20.2
$INFO,1353,-2,-2,-2,-2,1111,98,1023,116.9,1.8,0.0,20.2
$INFO,1354,-2,-2,-2,-2,1111,98,1023,116.5,1.8,0.0,20.2
$INFO,1355,-2,-2,-2,-2,1111,95,1023,116.4,1.8,0.0,20.2
$INFO,1356,-2,-2,-2,-2,1111,100,1023,117.0,1.8,0.0,20.2
$INFO,1357,-2,-2,-2,-2,1111,97,1023,116.3,1.8,0.0,20.2
$INFO,1358,-2,-2,-2,-2,1111,96,1023,116.4,1.8,0.0,20.2
$INFO,1359,-2,-2,-2,-2,1111,98,1023,116.4,1.8,0.0,20.2
$INFO,1360,-2,-2,-2,-2,1111,97,1023,116.9,1.8,0.0,20.2
$INFO,1361,-2,-2,-2,-2,1111,98,1023,116.3,1.8,0.0,20.2
$INFO,1362,-2,-2,-2,-2,1111,97,1023,116.6,1.8,0.0,20.2
$INFO,1363,-2,-2,-2,-2,1111,99,1023,116.3,1.8,0.0,20.2
$INFO,1364,-2,-2,-2,-2,1111,98,1023,117.0,1.8,0.0,20.2
$INFO,1365,-2,-2,-2,-2,1111,98,1023,116.5,1.8,0.0,20.2
$INFO,1366,-2,-2,-2,-2,1111,98,1023,116.6,1.8,0.0,20.2
$INFO,1367,-2,-2,-2,-2,1111,100,1023,116.3,1.8,0.0,20.2
$INFO,1368,-2,-2,-2,-2,1111,99,1023,117.1,1.8,0.0,20.1
$INFO,1369,-2,-2,-2,-2,1111,98,1023,116.4,1.8,0.0,20.2
$INFO,1370,-2,-2,-2,-2,1111,98,1023,116.7,1.8,0.0,20.2
$INFO,1371,-2,-2,-2,-2,1111,99,1023,116.7,1.8,0.0,20.1
$INFO,1372,-2,-2,-2,-2,1111,96,1023,117.0,1.8,0.0,20.2
$INFO,1373,-2,-2,-2,-2,1111,97,1023,116.2,1.8,0.0,20.2
$INFO,1374,-2,-2,-2,-2,1111,99,1023,116.4,1.8,0.0,20.2
$INFO,1375,-2,-2,-2,-2,1111,98,1023,116.4,1.8,0.0,20.2
$INFO,1376,-2,-2,-2,-2,1111,98,1023,116.2,1.8,0.0,20.2
$INFO,1377,-2,-2,-2,-2,1111,97,1023,116.4,1.8,0.0,20.2
$INFO,1378,-2,-2,-2,-2,1111,97,1023,116.4,1.8,0.0,20.2
$INFO,1379,-2,-2,-2,-2,1111,98,1023,116.8,1.8,0.0,20.2
$INFO,1380,-2,-2,-2,-2,1111,98,1023,116.2,1.8,0.0,20.2
$INFO,1381,-2,-2,-2,-2,1111,97,1023,116.8,1.8,0.0,20.2
$INFO,1382,-2,-2,-2,-2,1111,98,1023,116.6,1.8,0.0,20.2
$INFO,1383,-2,-2,-2,-2,1111,97,1023,116.2,1.8,0.0,20.2
$INFO,1384,-2,-2,-2,-2,1111,98,1023,116.3,1.8,0.0,20.3
$INFO,1385,-2,-2,-2,-2,1111,100,1023,116.3,1.8,0.0,20.3
$INFO,1386,-2,-2,-2,-2,1111,98,1023,117.0,1.8,0.0,20.2
$INFO,1387,-2,-2,-2,-2,1111,98,1023,116.3,1.8,0.0,20.2
$INFO,1388,-2,-2,-2,-2,1111,98,1023,116.3,1.8,0.0,20.2
$INFO,1389,-2,-2,-2,-2,1111,97,1023,116.7,1.8,0.0,20.2
$INFO,1390,-2,-2,-2,-2,1111,97,1023,117.0,1.8,0.0,20.2
$INFO,1391,-2,-2,-2,-2,1111,98,1023,116.4,1.8,0.0,20.3
$INFO,1392,-2,-2,-2,-2,1111,99,1023,116.4,1.8,0.0,20.2
$INFO,1393,-2,-2,-2,-2,1111,95,1023,116.6,1.8,0.0,20.3
$INFO,1394,-2,-2,-2,-2,1111,98,1023,116.1,1.8,0.0,20.3
$INFO,1395,-2,-2,-2,-2,1111,97,1023,116.6,1.8,0.0,20.2
$INFO,1396,-2,-2,-2,-2,1111,99,1023,116.6,1.8,0.0,20.3
$INFO,1397,-2,-2,-2,-2,1111,98,1023,116.9,1.8,0.0,20.3
$INFO,1398,-2,-2,-2,-2,1111,97,1023,116.2,1.8,0.0,20.2
$INFO,1399,-2,-2,-2,-2,1111,97,1023,116.4,1.8,0.0,20.2
$INFO,1400,-2,-2,-2,-2,1111,98,1023,116.4,1.8,0.0,20.2
$INFO,1401,-2,-2,-2,-2,1111,98,1023,116.9,1.8,0.0,20.2
$INFO,1402,-2,-2,-2,-2,1111,97,1023,116.3,1.8,0.0,20.2
$INFO,1403,-2,-2,-2,-2,1111,98,1023,116.7,1.8,0.0,20.2
$INFO,1404,-2,-2,-2,-2,1111,100,1023,116.4,1.8,0.0,20.2
$INFO,1405,-2,-2,-2,-2,1111,97,1023,117.0,1.8,0.0,20.2
$INFO,1406,-2,-2,-2,-2,1111,98,1023,116.4,1.8,0.0,20.2
$INFO,1407,-2,-2,-2,-2,1111,97,1023,116.5,1.8,0.0,20.2
$INFO,1408,-2,-2,-2,-2,1111,97,1023,116.8,1.8,0.0,20.2
$INFO,1409,-2,-2,-2,-2,1111,98,1023,117.0,1.8,0.0,20.2
$INFO,1410,-2,-2,-2,-2,1111,96,1023,116.4,1.8,0.0,20.3
$INFO,1411,-2,-2,-2,-2,1111,100,1023,116.6,1.8,0.0,20.3
$INFO,1412,-2,-2,-2,-2,1111,98,1023,116.7,1.8,0.0,20.3
$INFO,1413,-2,-2,-2,-2,1111,95,1023,117.1,1.8,0.0,20.2
$INFO,1414,-2,-2,-2,-2,1111,97,1023,116.3,1.8,0.0,20.3
$INFO,1415,-2,-2,-2,-2,1111,95,1023,116.6,1.8,0.0,20.3
$INFO,1416,-2,-2,-2,-2,1111,97,1023,116.6,1.8,0.0,20.3
$INFO,1417,-2,-2,-2,-2,1111,97,1023,116.3,1.8,0.0,20.3
$INFO,1418,-2,-2,-2,-2,1111,98,1023,116.3,1.8,0.0,20.2
$INFO,1419,-2,-2,-2,-2,1111,101,1023,116.7,1.8,0.0,20.3
$INFO,1420,-2,-2,-2,-2,1111,98,1023,116.7,1.8,0.0,20.3
$INFO,1421,-2,-2,-2,-2,1111,97,1023,116.5,1.8,0.0,20.2
$INFO,1422,-2,-2,-2,-2,1111,95,1023,116.9,1.8,0.0,20.3
$INFO,1423,-2,-2,-2,-2,1111,97,1023,116.4,1.8,0.0,20.2
$INFO,1424,-2,-2,-2,-2,1111,98,1023,116.7,1.8,0.0,20.3
$INFO,1425,-2,-2,-2,-2,1111,98,1023,116.3,1.8,0.0,20.3
$INFO,1426,-2,-2,-2,-2,1111,100,1023,116.9,1.8,0.0,20.3
$INFO,1427,-2,-2,-2,-2,1111,95,1023,116.4,1.8,0.0,20.3
$INFO,1428,-2,-2,-2,-2,1111,98,1023,116.7,1.8,0.0,20.2
$INFO,1429,-2,-2,-2,-2,1111,98,1023,116.3,1.8,0.0,20.2
$INFO,1430,-2,-2,-2,-2,1111,100,1023,117.2,1.8,0.0,20.2
$INFO,1431,-2,-2,-2,-2,1111,97,1023,117.2,1.8,0.0,20.2
$INFO,1432,-2,-2,-2,-2,1111,96,1023,116.5,1.8,0.0,20.2
$INFO,1433,-2,-2,-2,-2,1111,98,1023,116.5,1.8,0.0,20.2
$INFO,1434,-2,-2,-2,-2,1111,101,1023,116.9,1.8,0.0,20.2
$INFO,1435,-2,-2,-2,-2,1111,99,1023,116.3,1.8,0.0,20.2
$INFO,1436,-2,-2,-2,-2,1111,96,1023,116.4,1.8,0.0,20.2
$INFO,1437,-2,-2,-2,-2,1111,98,1023,116.4,1.8,0.0,20.2
$INFO,1438,-2,-2,-2,-2,1111,100,1023,116.7,1.8,0.0,20.2
$INFO,1439,-2,-2,-2,-2,1111,98,1023,116.3,1.8,0.0,20.3
$INFO,1440,-2,-2,-2,-2,1111,98,1023,116.7,1.8,0.0,20.2
$INFO,1441,-2,-2,-2,-2,1111,97,1023,116.5,1.8,0.0,20.2
$INFO,1442,-2,-2,-2,-2,1111,99,1023,116.8,1.8,0.0,20.2
$INFO,1443,-2,-2,-2,-2,1111,97,1023,116.2,1.8,0.0,20.2
$INFO,1444,-2,-2,-2,-2,1111,98,1023,116.5,1.8,0.0,20.2
$INFO,1445,-2,-2,-2,-2,1111,101,1023,116.5,1.8,0.0,20.2
$INFO,1446,-2,-2,-2,-2,1111,97,1023,116.9,1.8,0.0,20.3
$INFO,1447,-2,-2,-2,-2,1111,96,1023,116.2,1.8,0.0,20.3
$INFO,1448,-2,-2,-2,-2,1111,100,1023,116.7,1.8,0.0,20.3
$INFO,1449,-2,-2,-2,-2,1111,98,1023,116.7,1.8,0.0,20.3
>>> $STOP
$STOP

j'ai recu ca -> $STOP

$INFO,1450,-2,-2,-2,-2,0000,97,1023,117.0,1.8,0.0,20.2
$INFO,1451,-2,-2,-2,-2,0000,98,1023,116.4,1.8,0.0,20.2
$INFO,1452,-2,-2,-2,-2,0000,98,1023,116.8,1.8,-0.3,20.2
$INFO,1453,-2,-2,-2,-2,0000,97,1023,116.8,1.8,-0.3,20.2
$INFO,1454,-2,-2,-2,-2,0000,98,1023,117.4,1.8,-0.3,20.3
$INFO,1455,-2,-2,-2,-2,0000,96,1023,117.1,1.8,0.0,20.3
$INFO,1456,-2,-2,-2,-2,0000,97,1023,117.1,1.8,0.0,20.2
$INFO,1457,-2,-2,-2,-2,0000,100,1023,116.4,1.8,0.0,20.3
$INFO,1458,-2,-2,-2,-2,0000,98,1023,116.4,1.8,0.0,20.2
$INFO,1459,-2,-2,-2,-2,0000,98,1023,116.6,1.8,0.0,20.2
$INFO,1460,-2,-2,-2,-2,0000,101,1023,116.7,1.8,0.0,20.2
$INFO,1461,-2,-2,-2,-2,0000,98,1023,116.3,1.8,0.0,20.3
$INFO,1462,-2,-2,-2,-2,0000,97,1023,117.0,1.8,0.0,20.3
$INFO,1463,-2,-2,-2,-2,0000,99,1023,116.7,1.8,0.0,20.2
$INFO,1464,-2,-2,-2,-2,0000,97,1023,116.9,1.8,0.0,20.2
$INFO,1465,-2,-2,-2,-2,0000,97,1023,116.6,1.8,0.0,20.3
$INFO,1466,-2,-2,-2,-2,0000,97,1023,117.1,1.8,0.0,20.2
$INFO,1467,-2,-2,-2,-2,0000,98,1023,116.6,1.8,0.0,20.2
$INFO,1468,-2,-2,-2,-2,0000,98,1023,117.0,1.8,0.0,20.2
$INFO,1469,-2,-2,-2,-2,0000,98,1023,116.5,1.8,0.0,20.2
$INFO,1470,-2,-2,-2,-2,0000,98,1023,116.8,1.8,0.0,20.3
$INFO,1471,-2,-2,-2,-2,0000,97,1023,116.6,1.8,0.0,20.2
$INFO,1472,-2,-2,-2,-2,0000,96,1023,117.0,1.8,0.0,20.2
$INFO,1473,-2,-2,-2,-2,0000,97,1023,116.4,1.8,0.0,20.2
$INFO,1474,-2,-2,-2,-2,0000,98,1023,116.9,1.8,0.0,20.3
$INFO,1475,-2,-2,-2,-2,0000,99,1023,116.6,1.8,0.0,20.2
$INFO,1476,-2,-2,-2,-2,0000,98,1023,116.5,1.8,0.0,20.2
$INFO,1477,-2,-2,-2,-2,0000,98,1023,116.4,1.8,0.0,20.3
$INFO,1478,-2,-2,-2,-2,0000,97,1023,117.1,1.8,0.0,20.3
$INFO,1479,-2,-2,-2,-2,0000,97,1023,116.3,1.8,0.0,20.3
$INFO,1480,-2,-2,-2,-2,0000,99,1023,116.8,1.8,0.0,20.2
$INFO,1481,-2,-2,-2,-2,0000,98,1023,116.5,1.8,0.0,20.2
$INFO,1482,-2,-2,-2,-2,0000,99,1023,116.9,1.8,0.0,20.2
$INFO,1483,-2,-2,-2,-2,0000,97,1023,116.4,1.8,0.0,20.2
$INFO,1484,-2,-2,-2,-2,0000,98,1023,116.6,1.8,0.0,20.2
$INFO,1485,-2,-2,-2,-2,0000,98,1023,116.7,1.8,0.0,20.2
$INFO,1486,-2,-2,-2,-2,0000,97,1023,117.0,1.8,0.0,20.3
$INFO,1487,-2,-2,-2,-2,0000,97,1023,116.3,1.8,0.0,20.3
$INFO,1488,-2,-2,-2,-2,0000,98,1023,116.6,1.8,0.0,20.2
$INFO,1489,-2,-2,-2,-2,0000,99,1023,116.7,1.8,0.0,20.3
$INFO,1490,-2,-2,-2,-2,0000,97,1023,117.0,1.8,0.0,20.3
$INFO,1491,-2,-2,-2,-2,0000,98,1023,116.3,1.8,0.0,20.3
$INFO,1492,-2,-2,-2,-2,0000,98,1023,116.5,1.8,0.0,20.2
$INFO,1493,-2,-2,-2,-2,0000,98,1023,116.6,1.8,0.0,20.3
$INFO,1494,-2,-2,-2,-2,0000,101,1023,116.3,1.8,0.0,20.3
$INFO,1495,-2,-2,-2,-2,0000,101,1023,116.1,1.8,0.0,20.3
$INFO,1496,-2,-2,-2,-2,0000,97,1023,116.4,1.8,0.0,20.3
$INFO,1497,-2,-2,-2,-2,0000,98,1023,116.6,1.8,0.0,20.3
$INFO,1498,-2,-2,-2,-2,0000,99,1023,116.6,1.8,0.0,20.3
$INFO,1499,-2,-2,-2,-2,0000,97,1023,116.8,1.9,0.0,20.3
$INFO,1500,-2,-2,-2,-2,0000,99,1023,116.4,1.9,0.0,20.3
$INFO,1501,-2,-2,-2,-2,0000,101,1023,116.7,1.8,0.0,20.3
$INFO,1502,-2,-2,-2,-2,0000,98,1023,116.2,1.8,0.0,20.3
$INFO,1503,-2,-2,-2,-2,0000,96,1023,116.7,1.8,0.0,20.3
$INFO,1504,-2,-2,-2,-2,0000,98,1023,116.2,1.8,0.0,20.2
$INFO,1505,-2,-2,-2,-2,0000,98,1023,116.4,1.8,0.0,20.3
$INFO,1506,-2,-2,-2,-2,0000,98,1023,115.7,1.8,0.0,20.2
$INFO,1507,-2,-2,-2,-2,0000,98,1023,116.2,1.8,0.0,20.3
$INFO,1508,-2,-2,-2,-2,0000,98,1023,115.9,1.8,0.0,20.3
$INFO,1509,-2,-2,-2,-2,0000,98,1023,116.2,1.8,0.0,20.2
$INFO,1510,-2,-2,-2,-2,0000,97,1023,115.8,1.8,0.0,20.3
$INFO,1511,-2,-2,-2,-2,0000,97,1023,116.2,1.8,0.0,20.2
$INFO,1512,-2,-2,-2,-2,0000,98,1023,116.2,1.8,0.0,20.3
$INFO,1513,-2,-2,-2,-2,0000,97,1023,116.1,1.8,0.0,20.3
$INFO,1514,-2,-2,-2,-2,0000,97,1023,116.1,1.8,0.0,20.2
$INFO,1515,-2,-2,-2,-2,0000,97,1023,116.4,1.8,0.0,20.2
$INFO,1516,-2,-2,-2,-2,0000,98,1023,116.4,1.8,0.0,20.2
$INFO,1517,-2,-2,-2,-2,0000,97,1023,116.2,1.8,0.0,20.2
$INFO,1518,-2,-2,-2,-2,0000,100,1023,116.2,1.8,0.0,20.2
$INFO,1519,-2,-2,-2,-2,0000,100,1023,116.6,1.8,0.0,20.2
$INFO,1520,-2,-2,-2,-2,0000,98,1023,116.6,1.8,0.0,20.2
$INFO,1521,-2,-2,-2,-2,0000,98,1023,116.2,1.8,0.0,20.2
$INFO,1522,-2,-2,-2,-2,0000,98,1023,117.0,1.8,0.0,20.2
$INFO,1523,-2,-2,-2,-2,0000,97,1023,116.6,1.8,0.0,20.2
$INFO,1524,-2,-2,-2,-2,0000,98,1023,116.4,1.8,0.0,20.2
$INFO,1525,-2,-2,-2,-2,0000,96,1023,116.2,1.8,0.0,20.2
$INFO,1526,-2,-2,-2,-2,0000,97,1023,116.6,1.8,0.0,20.2
$INFO,1527,-2,-2,-2,-2,0000,98,1023,116.8,1.8,0.0,20.2
$INFO,1528,-2,-2,-2,-2,0000,97,1023,116.2,1.8,0.0,20.2
$INFO,1529,-2,-2,-2,-2,0000,99,1023,116.4,1.8,0.0,20.2
$INFO,1530,-2,-2,-2,-2,0000,97,1023,116.4,1.8,0.0,20.2
$INFO,1531,-2,-2,-2,-2,0000,97,1023,116.1,1.8,0.0,20.2
$INFO,1532,-2,-2,-2,-2,0000,97,1023,116.5,1.8,0.0,20.2
$INFO,1533,-2,-2,-2,-2,0000,97,1023,116.5,1.8,0.0,20.2
$INFO,1534,-2,-2,-2,-2,0000,97,1023,116.6,1.8,0.0,20.2
$INFO,1535,-2,-2,-2,-2,0000,98,1023,116.1,1.8,0.0,20.2
$INFO,1536,-2,-2,-2,-2,0000,96,1023,116.2,1.8,0.0,20.3
$INFO,1537,-2,-2,-2,-2,0000,99,1023,116.2,1.8,0.0,20.2
$INFO,1538,-2,-2,-2,-2,0000,98,1023,116.7,1.8,0.0,20.2
$INFO,1539,-2,-2,-2,-2,0000,98,1023,116.1,1.8,0.0,20.3
$INFO,1540,-2,-2,-2,-2,0000,99,1023,117.0,1.6,0.0,20.2
$INFO,1541,-2,-2,-2,-2,0000,95,1023,116.5,1.6,0.0,20.2
$INFO,1542,-2,-2,-2,-2,0000,98,1023,116.5,1.8,0.0,20.2
$INFO,1543,-2,-2,-2,-2,0000,97,1023,116.2,1.8,0.0,20.2
$INFO,1544,-2,-2,-2,-2,0000,100,1023,116.6,1.8,0.0,20.2
$INFO,1545,-2,-2,-2,-2,0000,101,1023,116.3,1.8,0.0,20.2
$INFO,1546,-2,-2,-2,-2,0000,98,1023,116.7,1.8,0.0,20.2
$INFO,1547,-2,-2,-2,-2,0000,98,1023,116.2,1.8,0.0,20.2
$INFO,1548,-2,-2,-2,-2,0000,97,1023,116.4,1.8,0.0,20.2
$INFO,1549,-2,-2,-2,-2,0000,96,1023,116.5,1.8,-0.1,20.2
$INFO,1550,-2,-2,-2,-2,0000,97,1023,115.9,1.8,-0.1,20.2
$INFO,1551,-2,-2,-2,-2,0000,97,1023,115.9,1.8,0.0,20.1
$INFO,1552,-2,-2,-2,-2,0000,97,1023,115.9,1.8,0.0,20.2
$INFO,1553,-2,-2,-2,-2,0000,97,1023,116.2,1.8,0.0,20.2
$INFO,1554,-2,-2,-2,-2,0000,101,1023,116.4,1.8,0.0,20.2
$INFO,1555,-2,-2,-2,-2,0000,100,1023,116.7,1.8,0.0,20.2
$INFO,1556,-2,-2,-2,-2,0000,100,1023,116.2,1.8,0.0,20.2
$INFO,1557,-2,-2,-2,-2,0000,101,1023,116.2,1.8,0.0,20.3
$INFO,1558,-2,-2,-2,-2,0000,98,1023,116.4,1.8,0.0,20.3
$INFO,1559,-2,-2,-2,-2,0000,96,1023,116.6,1.8,0.0,20.2
$INFO,1560,-2,-2,-2,-2,0000,98,1023,116.1,1.8,0.0,20.3
$INFO,1561,-2,-2,-2,-2,0000,98,1023,116.8,1.8,0.0,20.3
$INFO,1562,-2,-2,-2,-2,0000,98,1023,116.4,1.8,0.0,20.3
$INFO,1563,-2,-2,-2,-2,0000,99,1023,116.6,1.8,0.0,20.3
$INFO,1564,-2,-2,-2,-2,0000,98,1023,116.3,1.8,0.0,20.3
$INFO,1565,-2,-2,-2,-2,0000,97,1023,116.7,1.8,0.0,20.3
$INFO,1566,-2,-2,-2,-2,0000,97,1023,116.4,1.8,0.0,20.3
$INFO,1567,-2,-2,-2,-2,0000,98,1023,116.6,1.8,0.0,20.3
$INFO,1568,-2,-2,-2,-2,0000,98,1023,116.2,1.8,0.0,20.2
$INFO,1569,-2,-2,-2,-2,0000,97,1023,116.5,1.8,0.0,20.3
$INFO,1570,-2,-2,-2,-2,0000,99,1023,116.5,1.8,0.0,20.3
$INFO,1571,-2,-2,-2,-2,0000,97,1023,116.8,1.8,0.0,20.2
$INFO,1572,-2,-2,-2,-2,0000,98,1023,116.1,1.8,0.0,20.2
$INFO,1573,-2,-2,-2,-2,0000,97,1023,116.9,1.8,0.0,20.2
$INFO,1574,-2,-2,-2,-2,0000,98,1023,116.3,1.8,0.0,20.2
$INFO,1575,-2,-2,-2,-2,0000,98,1023,116.5,1.8,0.0,20.2
$INFO,1576,-2,-2,-2,-2,0000,100,1023,116.3,1.8,0.0,20.2
$INFO,1577,-2,-2,-2,-2,0000,98,1023,116.8,1.8,0.0,20.3
$INFO,1578,-2,-2,-2,-2,0000,100,1023,116.3,1.8,0.0,20.2
$INFO,1579,-2,-2,-2,-2,0000,97,1023,116.7,1.8,0.0,20.2
$INFO,1580,-2,-2,-2,-2,0000,100,1023,116.5,1.8,-0.2,20.2
$INFO,1581,-2,-2,-2,-2,0000,100,1023,116.3,1.8,-0.2,20.3
$INFO,1582,-2,-2,-2,-2,0000,101,1023,115.6,1.8,0.0,20.2
$INFO,1583,-2,-2,-2,-2,0000,97,1023,116.3,1.8,0.0,20.2
$INFO,1584,-2,-2,-2,-2,0000,99,1023,116.1,1.8,0.0,20.2
$INFO,1585,-2,-2,-2,-2,0000,97,1023,116.6,1.8,0.0,20.2
$INFO,1586,-2,-2,-2,-2,0000,97,1023,116.3,1.8,0.0,20.2
$INFO,1587,-2,-2,-2,-2,0000,97,1023,116.8,1.8,0.0,20.2
$INFO,1588,-2,-2,-2,-2,0000,98,1023,116.3,1.8,0.0,20.2
$INFO,1589,-2,-2,-2,-2,0000,98,1023,116.7,1.8,0.0,20.2
$INFO,1590,-2,-2,-2,-2,0000,99,1023,116.8,1.8,-0.1,20.2
$INFO,1591,-2,-2,-2,-2,0000,98,1023,116.3,1.8,-0.1,20.3
$INFO,1592,-2,-2,-2,-2,0000,96,1023,116.3,1.8,-0.1,20.3
$INFO,1593,-2,-2,-2,-2,0000,98,1023,116.1,1.8,-0.1,20.3
$INFO,1594,-2,-2,-2,-2,0000,99,1023,116.1,1.8,0.0,20.2
$INFO,1595,-2,-2,-2,-2,0000,98,1023,116.1,1.8,0.0,20.2
$INFO,1596,-2,-2,-2,-2,0000,97,1023,116.4,1.8,0.0,20.2
$INFO,1597,-2,-2,-2,-2,0000,98,1023,116.6,1.8,0.0,20.2
$INFO,1598,-2,-2,-2,-2,0000,97,1023,116.6,1.8,0.0,20.3
$INFO,1599,-2,-2,-2,-2,0000,97,1023,115.7,1.8,0.0,20.2
$INFO,1600,-2,-2,-2,-2,0000,99,1023,115.5,1.8,-0.1,20.2
$INFO,1601,-2,-2,-2,-2,0000,98,1023,115.7,1.8,0.0,20.1
$INFO,1602,-2,-2,-2,-2,0000,98,1023,115.5,1.8,0.0,20.2
$INFO,1603,-2,-2,-2,-2,0000,97,0,115.6,1.8,0.0,20.2
$INFO,1604,-2,-2,-2,-2,0000,97,0,116.1,1.8,0.1,20.2
$INFO,1605,-2,-2,-2,-2,0000,97,0,118.3,1.6,-0.1,20.2
$INFO,1606,-2,-2,-2,-2,0000,98,0,117.7,1.8,-0.3,20.2
$INFO,1607,-2,-2,-2,-2,0000,100,0,118.1,1.8,-0.2,20.2
$INFO,1608,-2,-2,-2,-2,0000,98,0,117.8,1.7,-0.2,20.2
$INFO,1609,-2,-2,-2,-2,0000,98,0,117.8,1.8,-0.1,20.3
$INFO,1610,-2,-2,-2,-2,0000,99,0,118.5,1.8,-0.1,20.3
$INFO,1611,-2,-2,-2,-2,0000,98,0,119.3,1.8,-0.1,20.3
$INFO,1612,-2,-2,-2,-2,0000,98,0,119.6,1.8,-0.1,20.3
$INFO,1613,-2,-2,-2,-2,0000,99,0,119.0,1.8,-0.1,20.2
$INFO,1614,-2,-2,-2,-2,0000,98,0,118.5,1.8,-0.1,20.3
$INFO,1615,-2,-2,-2,-2,0000,100,0,118.0,1.8,-0.1,20.3
$INFO,1616,-2,-2,-2,-2,0000,97,0,117.9,1.8,0.0,20.3
$INFO,1617,-2,-2,-2,-2,0000,98,0,117.6,1.8,0.0,20.3
$INFO,1618,-2,-2,-2,-2,0000,100,0,117.0,1.8,0.0,20.3
$INFO,1619,-2,-2,-2,-2,0000,96,0,116.7,1.8,0.0,20.3
$INFO,1620,-2,-2,-2,-2,0000,98,0,116.7,1.8,0.0,20.3
$INFO,1621,-2,-2,-2,-2,0000,100,0,117.2,1.8,0.0,20.3
$INFO,1622,-2,-2,-2,-2,0000,96,0,117.3,1.7,0.0,20.3
$INFO,1623,-2,-2,-2,-2,0000,95,0,116.4,1.7,0.0,20.3
$INFO,1624,-2,-2,-2,-2,0000,99,0,116.7,1.8,0.0,20.3
$INFO,1625,-2,-2,-2,-2,0000,98,0,116.5,1.8,0.0,20.3
$INFO,1626,-2,-2,-2,-2,0000,97,0,117.0,1.8,0.0,20.3
$INFO,1627,-2,-2,-2,-2,0000,98,0,116.5,1.8,0.0,20.2
$INFO,1628,-2,-2,-2,-2,0000,95,0,116.9,1.8,0.0,20.2
$INFO,1629,-2,-2,-2,-2,0000,101,0,116.6,1.8,0.0,20.2
$INFO,1630,-2,-2,-2,-2,0000,97,0,116.4,1.8,0.0,20.2
$INFO,1631,-2,-2,-2,-2,0000,97,0,116.2,1.8,0.0,20.3
$INFO,1632,-2,-2,-2,-2,0000,96,0,116.7,1.8,0.0,20.2
$INFO,1633,-2,-2,-2,-2,0000,98,0,116.7,1.8,0.0,20.2
$INFO,1634,-2,-2,-2,-2,0000,98,0,116.2,1.8,0.0,20.2
$INFO,1635,-2,-2,-2,-2,0000,98,0,117.0,1.8,0.0,20.2
$INFO,1636,-2,-2,-2,-2,0000,98,0,116.4,1.8,0.0,20.2
$INFO,1637,-2,-2,-2,-2,0000,98,0,116.4,1.8,0.0,20.2
$INFO,1638,-2,-2,-2,-2,0000,98,0,116.2,1.8,0.0,20.2
$INFO,1639,-2,-2,-2,-2,0000,98,0,117.0,1.8,0.0,20.3
$INFO,1640,-2,-2,-2,-2,0000,99,0,116.5,1.8,0.0,20.2
$INFO,1641,-2,-2,-2,-2,0000,98,0,116.7,1.8,0.0,20.2
$INFO,1642,-2,-2,-2,-2,0000,98,0,116.4,1.8,0.0,20.2
$INFO,1643,-2,-2,-2,-2,0000,100,0,117.4,1.8,0.0,20.2
$INFO,1644,-2,-2,-2,-2,0000,98,0,116.7,1.8,0.0,20.2
$INFO,1645,-2,-2,-2,-2,0000,98,0,116.9,1.8,0.0,20.2
$INFO,1646,-2,-2,-2,-2,0000,95,0,116.4,1.8,0.0,20.3
$INFO,1647,-2,-2,-2,-2,0000,98,1,117.0,1.8,0.0,20.3
$INFO,1648,-2,-2,-2,-2,0000,97,0,116.3,1.8,0.0,20.3
$INFO,1649,-2,-2,-2,-2,0000,97,0,116.3,1.8,0.0,20.2
$INFO,1650,-2,-2,-2,-2,0000,98,0,115.8,1.8,0.1,20.2
$INFO,1651,-2,-2,-2,-2,0000,99,0,117.1,1.8,0.0,20.2
$INFO,1652,-2,-2,-2,-2,0000,95,0,116.7,1.8,0.0,20.2
$INFO,1653,-2,-2,-2,-2,0000,97,0,117.0,1.8,0.0,20.2
$INFO,1654,-2,-2,-2,-2,0000,98,0,117.1,1.8,0.0,20.2
$INFO,1655,-2,-2,-2,-2,0000,97,0,118.7,1.8,0.0,20.2
$INFO,1656,-2,-2,-2,-2,0000,98,0,119.1,1.8,0.0,20.3
$INFO,1657,-2,-2,-2,-2,0000,97,0,120.3,1.8,0.0,20.3
$INFO,1658,-2,-2,-2,-2,0000,97,0,121.4,1.8,0.0,20.3
$INFO,1659,-2,-2,-2,-2,0000,97,0,121.8,1.8,0.0,20.3
$INFO,1660,-2,-2,-2,-2,0000,97,0,120.6,1.8,0.0,20.2
$INFO,1661,-2,-2,-2,-2,0000,98,0,118.5,1.8,0.0,20.3
$INFO,1662,-2,-2,-2,-2,0000,97,0,117.5,1.8,0.0,20.3
$INFO,1663,-2,-2,-2,-2,0000,99,0,117.8,1.8,0.0,20.3
$INFO,1664,-2,-2,-2,-2,0000,96,0,117.5,1.8,0.0,20.3
$INFO,1665,-2,-2,-2,-2,0000,96,0,116.6,1.8,0.0,20.3
$INFO,1666,-2,-2,-2,-2,0000,98,0,116.0,1.8,0.0,20.3
$INFO,1667,-2,-2,-2,-2,0000,98,0,115.0,1.8,0.0,20.3
$INFO,1668,-2,-2,-2,-2,0000,98,0,116.2,1.8,0.0,20.2
$INFO,1669,-2,-2,-2,-2,0000,97,0,116.2,1.8,0.0,20.2
$INFO,1670,-2,-2,-2,-2,0000,98,0,116.2,1.8,0.0,20.3
$INFO,1671,-2,-2,-2,-2,0000,97,0,116.9,1.8,0.0,20.3
$INFO,1672,-2,-2,-2,-2,0000,95,1023,116.9,1.8,0.0,20.3
$INFO,1673,-2,-2,-2,-2,0000,99,1023,117.2,1.8,0.0,20.3
$INFO,1674,-2,-2,-2,-2,0000,100,1023,116.4,1.8,0.0,20.3
$INFO,1675,-2,-2,-2,-2,0000,97,1023,115.9,1.8,0.1,20.3
$INFO,1676,-2,-2,-2,-2,0000,98,1023,116.6,1.8,0.1,20.2
$INFO,1677,-2,-2,-2,-2,0000,100,1023,115.9,1.9,0.0,20.3
$INFO,1678,-2,-2,-2,-2,0000,97,1023,116.1,1.7,0.0,20.3
$INFO,1679,-2,-2,-2,-2,0000,98,1023,115.8,1.8,0.0,20.2
$INFO,1680,-2,-2,-2,-2,0000,99,1023,116.8,1.8,0.0,20.2
$INFO,1681,-2,-2,-2,-2,0000,100,1023,116.3,1.8,0.0,20.2
$INFO,1682,-2,-2,-2,-2,0000,98,1023,116.3,1.7,0.0,20.2
$INFO,1683,-2,-2,-2,-2,0000,98,1023,115.8,1.9,0.0,20.3
$INFO,1684,-2,-2,-2,-2,0000,98,1023,116.7,1.9,0.1,20.3
$INFO,1685,-2,-2,-2,-2,0000,98,1023,115.9,1.9,0.0,20.3
$INFO,1686,-2,-2,-2,-2,0000,98,1023,116.1,1.9,0.0,20.3
$INFO,1687,-2,-2,-2,-2,0000,97,1023,115.8,1.8,0.0,20.3
$INFO,1688,-2,-2,-2,-2,0000,98,1023,115.9,1.8,0.0,20.3
$INFO,1689,-2,-2,-2,-2,0000,97,1023,114.5,1.9,0.2,20.3
$INFO,1690,-2,-2,-2,-2,0000,98,1023,114.8,1.8,0.1,20.3
$INFO,1691,-2,-2,-2,-2,0000,98,1023,115.1,1.8,-0.1,20.3
$INFO,1692,-2,-2,-2,-2,0000,97,1023,115.3,1.9,-0.1,20.3
$INFO,1693,-2,-2,-2,-2,0000,97,1023,114.7,1.9,0.0,20.3
$INFO,1694,-2,-2,-2,-2,0000,96,1023,114.9,1.9,0.0,20.3
$INFO,1695,-2,-2,-2,-2,0000,99,1023,115.5,1.9,0.0,20.3
$INFO,1696,-2,-2,-2,-2,0000,99,1023,115.2,1.9,0.0,20.2
$INFO,1697,-2,-2,-2,-2,0000,97,1023,115.9,1.9,0.0,20.3
$INFO,1698,-2,-2,-2,-2,0000,97,1023,115.3,1.9,0.0,20.3
$INFO,1699,-2,-2,-2,-2,0000,98,1023,115.3,1.9,0.0,20.2
$INFO,1700,-2,-2,-2,-2,0000,97,1023,115.1,1.9,0.0,20.2
$INFO,1701,-2,-2,-2,-2,0000,98,1023,115.9,1.9,0.0,20.3
$INFO,1702,-2,-2,-2,-2,0000,97,1023,115.4,1.9,0.0,20.3
$INFO,1703,-2,-2,-2,-2,0000,98,1023,115.4,1.9,0.0,20.3
$INFO,1704,-2,-2,-2,-2,0000,97,1023,115.1,1.9,0.0,20.3
$INFO,1705,-2,-2,-2,-2,0000,99,1023,115.9,1.9,0.0,20.3
$INFO,1706,-2,-2,-2,-2,0000,97,1023,115.1,1.9,0.0,20.3
$INFO,1707,-2,-2,-2,-2,0000,96,1023,115.4,1.9,-0.1,20.3
$INFO,1708,-2,-2,-2,-2,0000,97,1023,116.0,1.9,-0.1,20.3
$INFO,1709,-2,-2,-2,-2,0000,98,1023,116.5,1.9,-0.1,20.3
$INFO,1710,-2,-2,-2,-2,0000,99,1023,116.4,1.9,-0.1,20.3
$INFO,1711,-2,-2,-2,-2,0000,99,1023,116.0,1.9,-0.1,20.3
$INFO,1712,-2,-2,-2,-2,0000,96,1023,115.8,1.9,-0.1,20.3
$INFO,1713,-2,-2,-2,-2,0000,98,1023,115.5,1.9,-0.1,20.3
$INFO,1714,-2,-2,-2,-2,0000,96,1023,115.3,1.9,-0.1,20.3
$INFO,1715,-2,-2,-2,-2,0000,98,1023,115.1,1.9,0.0,20.3
$INFO,1716,-2,-2,-2,-2,0000,98,1023,115.1,1.9,0.0,20.3
$INFO,1717,-2,-2,-2,-2,0000,98,1023,115.4,1.9,0.0,20.3
$INFO,1718,-2,-2,-2,-2,0000,98,1023,115.3,1.7,0.0,20.3
$INFO,1719,-2,-2,-2,-2,0000,98,1023,115.3,1.7,0.0,20.3
$INFO,1720,-2,-2,-2,-2,0000,96,1023,116.0,1.9,0.0,20.2
$INFO,1721,-2,-2,-2,-2,0000,98,1023,115.4,1.8,0.0,20.3
$INFO,1722,-2,-2,-2,-2,0000,96,1023,115.4,1.8,0.0,20.3
$INFO,1723,-2,-2,-2,-2,0000,97,1023,115.9,1.8,0.0,20.3
$INFO,1724,-2,-2,-2,-2,0000,98,1023,116.1,1.8,0.0,20.3
$INFO,1725,-2,-2,-2,-2,0000,97,1023,115.3,1.8,0.0,20.3
$INFO,1726,-2,-2,-2,-2,0000,98,1023,115.5,1.8,0.0,20.3
$INFO,1727,-2,-2,-2,-2,0000,95,1023,115.6,1.8,0.0,20.3
$INFO,1728,-2,-2,-2,-2,0000,95,1023,115.2,1.8,0.0,20.3
$INFO,1729,-2,-2,-2,-2,0000,98,1023,115.7,1.8,0.0,20.3
$INFO,1730,-2,-2,-2,-2,0000,97,1023,115.5,1.8,-0.1,20.2
$INFO,1731,-2,-2,-2,-2,0000,96,1023,116.2,1.8,-0.1,20.3
$INFO,1732,-2,-2,-2,-2,0000,97,1023,115.9,1.8,0.0,20.3
$INFO,1733,-2,-2,-2,-2,0000,98,1023,116.0,1.8,0.0,20.3
$INFO,1734,-2,-2,-2,-2,0000,100,1023,115.2,1.8,0.0,20.3
$INFO,1735,-2,-2,-2,-2,0000,98,1023,115.2,1.8,0.0,20.3
$INFO,1736,-2,-2,-2,-2,0000,95,1023,115.4,1.8,0.0,20.3
$INFO,1737,-2,-2,-2,-2,0000,97,1023,115.7,1.8,0.0,20.3
$INFO,1738,-2,-2,-2,-2,0000,98,1023,115.2,1.8,0.0,20.2
$INFO,1739,-2,-2,-2,-2,0000,97,1023,115.9,1.8,0.0,20.3
$INFO,1740,-2,-2,-2,-2,0000,97,1023,115.4,1.8,0.0,20.3
$INFO,1741,-2,-2,-2,-2,0000,98,1023,115.7,1.8,0.0,20.3
$INFO,1742,-2,-2,-2,-2,0000,97,1023,115.3,1.8,0.0,20.3
$INFO,1743,-2,-2,-2,-2,0000,97,1023,115.9,1.8,0.0,20.3
$INFO,1744,-2,-2,-2,-2,0000,97,1023,115.4,1.8,0.0,20.3
$INFO,1745,-2,-2,-2,-2,0000,98,1023,115.7,1.9,0.0,20.3
$INFO,1746,-2,-2,-2,-2,0000,99,1023,115.2,1.9,0.0,20.3
$INFO,1747,-2,-2,-2,-2,0000,99,1023,115.7,1.9,0.0,20.3
$INFO,1748,-2,-2,-2,-2,0000,98,1023,115.7,1.9,-0.1,20.3
$INFO,1749,-2,-2,-2,-2,0000,97,1023,115.2,1.9,0.0,20.3
$INFO,1750,-2,-2,-2,-2,0000,97,1023,115.1,1.9,0.0,20.3
$INFO,1751,-2,-2,-2,-2,0000,97,1023,115.3,1.9,0.0,20.3
$INFO,1752,-2,-2,-2,-2,0000,98,1023,115.3,1.9,0.0,20.3
$INFO,1753,-2,-2,-2,-2,0000,99,1023,115.7,1.9,0.0,20.3
$INFO,1754,-2,-2,-2,-2,0000,96,1023,115.1,1.9,0.0,20.3
$INFO,1755,-2,-2,-2,-2,0000,99,1023,115.3,1.9,0.2,20.3
$INFO,1756,-2,-2,-2,-2,0000,101,1023,115.1,1.9,0.1,20.3
$INFO,1757,-2,-2,-2,-2,0000,98,1023,115.8,1.9,0.1,20.3
$INFO,1758,-2,-2,-2,-2,0000,97,1023,115.0,1.9,0.3,20.2
$INFO,1759,-2,-2,-2,-2,0000,98,1023,115.2,1.9,0.3,20.3
$INFO,1760,-2,-2,-2,-2,0000,97,1023,115.4,1.9,-0.1,20.2
$INFO,1761,-2,-2,-2,-2,0000,98,1023,115.4,1.8,-0.1,20.2
$INFO,1762,-2,-2,-2,-2,0000,98,1023,114.6,1.8,0.0,20.3
$INFO,1763,-2,-2,-2,-2,0000,98,1023,115.3,1.8,0.0,20.3
$INFO,1764,-2,-2,-2,-2,0000,97,1023,115.2,1.8,0.0,20.3
$INFO,1765,-2,-2,-2,-2,0000,97,1023,116.1,1.8,0.0,20.3
$INFO,1766,-2,-2,-2,-2,0000,98,1023,115.9,1.8,0.0,20.3
$INFO,1767,-2,-2,-2,-2,0000,97,1023,115.5,1.8,0.0,20.3
$INFO,1768,-2,-2,-2,-2,0000,98,1023,115.5,1.8,0.0,20.3
$INFO,1769,-2,-2,-2,-2,0000,98,1023,115.7,1.8,0.0,20.3
$INFO,1770,-2,-2,-2,-2,0000,98,1023,115.0,1.8,0.0,20.3
$INFO,1771,-2,-2,-2,-2,0000,99,1023,115.5,1.8,0.0,20.3
$INFO,1772,-2,-2,-2,-2,0000,97,1023,115.6,1.8,-0.1,20.3
$INFO,1773,-2,-2,-2,-2,0000,97,1023,115.9,1.8,-0.1,20.3
$INFO,1774,-2,-2,-2,-2,0000,98,1023,115.9,1.8,0.0,20.3
$INFO,1775,-2,-2,-2,-2,0000,98,1023,115.9,1.8,0.0,20.3
>>> $STOP
$STOP

j'ai recu ca -> $STOP

$INFO,1776,-2,-2,-2,-2,0000,99,1023,115.2,1.8,0.0,20.3
$INFO,1777,-2,-2,-2,-2,0000,98,1023,115.5,1.8,-0.3,20.3
$INFO,1778,-2,-2,-2,-2,0000,97,1023,115.7,1.8,-0.3,20.3
$INFO,1779,-2,-2,-2,-2,0000,98,1023,114.9,1.8,0.0,20.3
