$INFO,111,4
$INFO,261,1,1,1,1,0000,98,1023,181.3,1.7,-0.1,23.4
23,181.0,1.7,-0.1,23.4
$INFO,260,1,1,1,1,0000,97,1023,182.0,1.7,-0.1,23.4
$INFO,261,1,1,1,1,0000,98,1023,181.3,1.7,-0.1,23.4
23,181.0,1.7,-0.1,23.4
$INFO,260,1,1,1,1,0000,97,1023,182.0,1.7,-0.1,23.4
$INFO,261,1,1,1,1,0000,98,1023,181.3,1.7,-0.1,23.4
23,181.0,1.7,-0.1,23.4
$INFO,260,1,1,1,1,0000,97,1023,182.0,1.7,-0.1,23.4
$INFO,261,1,1,1,1,0000,98,1023,181.3,1.7,-0.1,23.4
$INFO,1,1,1,1,1,0000,99,1023,163.9,1.8,-0.1,23.4
$INFO,2,1,1,1,1,0000,98,1023,164.6,1.8,-0.1,23.4
$INFO,3,1,1,1,1,0000,98,1023,163.9,1.8,-0.1,23.4
$INFO,4,1,1,1,1,0000,97,1023,163.1,1.8,0.0,23.4
$INFO,5,1,1,1,1,0000,98,1023,168.4,1.8,0.0,23.4
$INFO,6,1,1,1,1,0000,99,1023,168.4,1.8,0.0,23.5
$INFO,7,1,1,1,1,0000,98,1023,172.5,1.8,0.0,23.4
$INFO,8,1,1,1,1,0000,98,1023,171.0,1.8,-0.3,23.4
$INFO,9,1,1,1,1,0000,99,1023,169.5,1.8,-0.1,23.4
$INFO,10,1,1,1,1,0000,99,1023,169.2,1.8,-0.1,23.4
$INFO,11,1,1,1,1,0000,99,1023,171.6,1.7,-0.1,23.4
$INFO,12,1,1,1,1,0000,98,1023,171.4,1.7,-0.1,23.4
$INFO,13,1,1,1,1,0000,98,1023,171.3,1.7,-0.1,23.4
$INFO,14,1,1,1,1,0000,98,1023,171.3,1.7,-0.1,23.4
$INFO,15,1,1,1,1,0000,98,1023,171.4,1.7,-0.1,23.4
$INFO,16,1,1,1,1,0000,97,1023,171.2,1.7,-0.1,23.4
$INFO,17,1,1,1,1,0000,98,1023,171.4,1.7,-0.1,23.4
$INFO,18,1,1,1,1,0000,98,1023,171.0,1.7,-0.1,23.4
$INFO,19,1,1,1,1,0000,98,1023,170.6,1.7,-0.1,23.4
$INFO,20,1,1,1,1,0000,98,1023,170.3,1.7,-0.1,23.5
$INFO,21,1,1,1,1,0000,98,1023,170.3,1.7,-0.1,23.4
$INFO,22,1,1,1,1,0000,98,1023,170.3,1.7,-0.1,23.4
$INFO,23,1,1,1,1,0000,97,1023,170.0,1.7,-0.1,23.4
$INFO,24,1,1,1,1,0000,97,1023,169.3,1.7,-0.1,23.5
$INFO,25,1,1,1,1,0000,97,1023,169.3,1.7,-0.1,23.5
$INFO,26,1,1,1,1,0000,98,1023,169.1,1.7,-0.1,23.5
$INFO,27,1,1,1,1,0000,95,1023,168.9,1.7,-0.1,23.5
$INFO,28,1,1,1,1,0000,100,1023,168.7,1.7,-0.1,23.5
$INFO,29,1,1,1,1,0000,97,1023,168.3,1.7,-0.1,23.5
$INFO,30,1,1,1,1,0000,98,1023,168.5,1.7,-0.1,23.5
$INFO,31,1,1,1,1,0000,98,1023,168.2,1.7,-0.1,23.5
$INFO,32,1,1,1,1,0000,98,1023,168.0,1.7,-0.1,23.4
$INFO,33,1,1,1,1,0000,97,1023,167.5,1.7,-0.1,23.4
$INFO,34,1,1,1,1,0000,97,1023,162.7,1.7,-0.1,23.4
$INFO,35,1,1,1,1,0000,98,1023,164.1,1.7,-0.1,23.5
$INFO,36,1,1,1,1,0000,98,1023,164.1,1.7,-0.1,23.4
$INFO,37,1,1,1,1,0000,97,1023,169.0,1.7,-0.1,23.4
$INFO,38,1,1,1,1,0000,98,1023,168.1,1.7,0.0,23.5
$INFO,39,1,1,1,1,0000,99,1023,167.9,1.7,0.0,23.5
$INFO,40,1,1,1,1,0000,101,1023,170.0,1.7,0.0,23.5
$INFO,41,1,1,1,1,0000,98,1023,170.3,1.7,0.0,23.4
$INFO,42,1,1,1,1,0000,97,1023,171.9,1.7,0.0,23.4
$INFO,43,1,1,1,1,0000,99,1023,168.9,1.7,0.0,23.4
$INFO,44,1,1,1,1,0000,99,1023,168.2,1.7,0.2,23.4
$INFO,45,1,1,1,1,0000,98,1023,169.1,1.7,0.2,23.4
$INFO,46,1,1,1,1,0000,98,1023,171.3,1.7,-0.1,23.4
$INFO,47,1,1,1,1,0000,98,1023,168.5,1.7,-0.1,23.4
$INFO,48,1,1,1,1,0000,95,1023,167.9,1.7,0.0,23.4
$INFO,49,1,1,1,1,0000,98,1023,167.6,1.7,0.0,23.5
$INFO,50,1,1,1,1,0000,98,1023,173.8,1.7,-0.1,23.5
$INFO,51,1,1,1,1,0000,98,1023,168.5,1.7,-0.1,23.5
$INFO,52,1,1,1,1,0000,98,1023,170.4,1.7,-0.1,23.5
$INFO,53,1,1,1,1,0000,99,1023,169.3,1.7,-0.1,23.5
$INFO,54,1,1,1,1,0000,97,1023,169.3,1.7,-0.1,23.4
$INFO,55,1,1,1,1,0000,98,1023,169.1,1.7,-0.1,23.5
$INFO,56,1,1,1,1,0000,98,1023,169.1,1.7,-0.1,23.5
$INFO,57,1,1,1,1,0000,98,1023,169.1,1.7,-0.1,23.4
$INFO,58,1,1,1,1,0000,97,1023,169.0,1.7,-0.1,23.5
$INFO,59,1,1,1,1,0000,99,1023,169.0,1.7,-0.1,23.5
$INFO,60,1,1,1,1,0000,97,1023,169.0,1.7,-0.1,23.5
$INFO,61,1,1,1,1,0000,98,1023,169.0,1.7,-0.1,23.5
$INFO,62,1,1,1,1,0000,98,1023,169.0,1.7,-0.1,23.5
$INFO,63,1,1,1,1,0000,97,1023,169.0,1.7,-0.1,23.5
$INFO,64,1,1,1,1,0000,98,1023,168.8,1.7,-0.1,23.4
$INFO,65,1,1,1,1,0000,98,1023,169.0,1.7,-0.1,23.4
$INFO,66,1,1,1,1,0000,98,1023,168.8,1.7,-0.1,23.4
$INFO,67,1,1,1,1,0000,98,1023,169.3,1.7,-0.1,23.4
$INFO,68,1,1,1,1,0000,98,1023,169.0,1.7,-0.1,23.4
$INFO,69,1,1,1,1,0000,98,1023,169.3,1.7,-0.1,23.4
$INFO,70,1,1,1,1,0000,98,1023,169.4,1.7,-0.1,23.4
$INFO,71,1,1,1,1,0000,98,1023,169.4,1.7,-0.1,23.4
$INFO,72,1,1,1,1,0000,97,1023,169.8,1.7,-0.1,23.4
$INFO,73,1,1,1,1,0000,98,1023,169.8,1.7,-0.1,23.4
$INFO,74,1,1,1,1,0000,98,1023,169.8,1.7,-0.1,23.4
$INFO,75,1,1,1,1,0000,101,1023,170.1,1.7,-0.1,23.4
$INFO,76,1,1,1,1,0000,95,1023,170.3,1.7,-0.1,23.4
$INFO,77,1,1,1,1,0000,98,1023,170.7,1.7,-0.1,23.4
$INFO,78,1,1,1,1,0000,98,1023,170.3,1.7,-0.1,23.4
$INFO,79,1,1,1,1,0000,98,1023,170.4,1.7,-0.1,23.4
$INFO,80,1,1,1,1,0000,98,1023,170.4,1.7,-0.1,23.5
$INFO,81,1,1,1,1,0000,98,1023,170.4,1.7,-0.1,23.5
$INFO,82,1,1,1,1,0000,97,1023,170.6,1.7,-0.1,23.5
$INFO,83,1,1,1,1,0000,97,1023,169.9,1.7,0.0,23.4
$INFO,84,1,1,1,1,0000,98,1023,169.8,1.7,0.0,23.4
$INFO,85,1,1,1,1,0000,98,1023,169.0,1.8,0.0,23.4
$INFO,86,1,1,1,1,0000,98,1023,169.0,1.8,-0.1,23.4
$INFO,87,1,1,1,1,0000,98,1023,170.9,1.8,-0.1,23.4
$INFO,88,1,1,1,1,0000,98,1023,173.2,1.8,-0.1,23.4
$INFO,89,1,1,1,1,0000,98,1023,171.6,1.8,-0.1,23.4
$INFO,90,1,1,1,1,0000,98,1023,170.1,1.8,-0.1,23.4
$INFO,91,1,1,1,1,0000,98,1023,169.0,1.8,-0.1,23.4
$INFO,92,1,1,1,1,0000,97,1023,169.4,1.8,-0.1,23.4
$INFO,93,1,1,1,1,0000,101,1023,169.4,1.8,-0.1,23.4
$INFO,94,1,1,1,1,0000,99,1023,168.7,1.8,-0.1,23.4
$INFO,95,1,1,1,1,0000,97,1023,168.3,1.8,-0.1,23.5
$INFO,96,1,1,1,1,0000,98,1023,168.5,1.8,-0.1,23.4
$INFO,97,1,1,1,1,0000,98,1023,168.7,1.8,-0.1,23.4
$INFO,98,1,1,1,1,0000,97,1023,168.3,1.8,-0.1,23.4
$INFO,99,1,1,1,1,0000,98,1023,168.4,1.8,-0.1,23.4
$INFO,100,1,1,1,1,0000,98,1023,170.0,1.8,-0.1,23.4
$INFO,101,1,1,1,1,0000,98,1023,171.4,1.8,-0.2,23.4
$INFO,102,1,1,1,1,0000,98,1023,171.8,1.8,-0.2,23.4
$INFO,103,1,1,1,1,0000,98,1023,173.2,1.8,-0.1,23.4
$INFO,104,1,1,1,1,0000,101,1023,174.2,1.8,-0.1,23.4
$INFO,105,1,1,1,1,0000,99,1023,173.2,1.8,-0.1,23.4
$INFO,106,1,1,1,1,0000,97,1023,172.4,1.8,-0.1,23.4
$INFO,107,1,1,1,1,0000,98,1023,172.2,1.8,-0.2,23.4
$ATACH

j'ai recu ca -> $ATACH

$INFO,108,1,1,1,1,1111,98,1023,170.0,1.8,0.0,23.4
$INFO,109,1,1,1,1,1111,98,1023,170.8,1.8,-0.4,23.4
$INFO,110,1,1,1,1,1111,97,1023,168.9,1.8,0.0,23.4
$INFO,111,1,1,1,1,1111,98,1023,173.1,1.8,0.0,23.4
$INFO,112,1,1,1,1,1111,97,1023,169.6,1.8,0.0,23.4
$INFO,113,1,1,1,1,1111,98,1023,172.1,1.8,0.0,23.4
$INFO,114,1,1,1,1,1111,98,1023,170.2,1.8,0.0,23.4
$INFO,115,1,1,1,1,1111,100,1023,172.6,1.8,0.0,23.4
$INFO,116,1,1,1,1,1111,95,1023,169.3,1.8,0.0,23.4
$INFO,117,1,1,1,1,1111,99,1023,170.2,1.8,0.0,23.4
$INFO,118,1,1,1,1,1111,99,1023,170.1,1.8,0.0,23.4
$INFO,119,1,1,1,1,1111,98,1023,169.6,1.8,0.0,23.4
$INFO,120,1,1,1,1,1111,97,1023,169.2,1.8,0.0,23.4
$INFO,121,1,1,1,1,1111,100,1023,170.2,1.8,0.0,23.5
$INFO,122,1,1,1,1,1111,98,1023,171.2,1.8,0.0,23.4
$INFO,123,1,1,1,1,1111,99,1023,170.2,1.8,0.0,23.5
$INFO,124,1,1,1,1,1111,97,1023,168.8,1.8,0.0,23.4
$INFO,125,1,1,1,1,1111,97,1023,170.8,1.8,0.0,23.4
$INFO,126,1,1,1,1,1111,97,1023,169.4,1.8,0.0,23.4
$INFO,127,1,1,1,1,1111,97,1023,169.6,1.8,0.0,23.4
$INFO,128,1,1,1,1,1111,101,1023,174.1,1.8,0.0,23.4
$INFO,129,1,1,1,1,1111,98,1023,172.7,1.8,0.0,23.4
$INFO,130,1,1,1,1,1111,98,1023,169.6,1.8,0.0,23.4
$INFO,131,1,1,1,1,1111,97,1023,170.2,1.8,0.0,23.5
$INFO,132,1,1,1,1,1111,100,1023,171.5,1.8,0.0,23.4
$INFO,133,1,1,1,1,1111,98,1023,173.4,1.8,0.0,23.4
$INFO,134,1,1,1,1,1111,99,1023,169.1,1.8,0.0,23.4
$INFO,135,1,1,1,1,1111,97,1023,171.3,1.8,0.0,23.4
$INFO,136,1,1,1,1,1111,97,1023,170.2,1.8,0.0,23.5
$INFO,137,1,1,1,1,1111,99,1023,169.9,1.8,0.0,23.4
$INFO,138,1,1,1,1,1111,98,1023,169.6,1.8,0.0,23.4
$INFO,139,1,1,1,1,1111,98,1023,171.8,1.8,0.0,23.4
$INFO,140,1,1,1,1,1111,99,1023,171.0,1.8,0.0,23.4
$INFO,141,1,1,1,1,1111,99,1023,170.2,1.8,0.0,23.4
$INFO,142,1,1,1,1,1111,98,1023,174.7,1.8,0.0,23.5
$INFO,143,1,1,1,1,1111,97,1023,170.5,1.8,0.0,23.5
$INFO,144,1,1,1,1,1111,99,1023,169.1,1.8,0.0,23.4
$INFO,145,1,1,1,1,1111,98,1023,168.4,1.8,0.0,23.4
$INFO,146,1,1,1,1,1111,99,1023,174.2,1.8,0.0,23.4
$INFO,147,1,1,1,1,1111,98,1023,172.0,1.8,0.0,23.5
$INFO,148,1,1,1,1,1111,98,1023,169.9,1.8,0.0,23.5
$INFO,149,1,1,1,1,1111,100,1023,169.0,1.8,0.0,23.4
$INFO,150,1,1,1,1,1111,99,1023,173.2,1.8,0.0,23.4
$INFO,151,1,1,1,1,1111,98,1023,168.7,1.8,0.0,23.4
$INFO,152,1,1,1,1,1111,99,1023,170.1,1.8,0.0,23.5
$INFO,153,1,1,1,1,1111,99,1023,169.6,1.8,0.0,23.5
$INFO,154,1,1,1,1,1111,100,1023,172.2,1.8,0.0,23.5
$INFO,155,1,1,1,1,1111,98,1023,168.7,1.8,0.0,23.4
$INFO,156,1,1,1,1,1111,97,1023,170.4,1.8,0.0,23.5
$INFO,157,1,1,1,1,1111,98,1023,169.7,1.8,0.0,23.4
$INFO,158,1,1,1,1,1111,97,1023,174.1,1.8,0.0,23.5
$INFO,159,1,1,1,1,1111,98,1023,169.6,1.8,0.0,23.4
$INFO,160,1,1,1,1,1111,98,1023,170.5,1.8,0.0,23.4
$INFO,161,1,1,1,1,1111,98,1023,169.3,1.8,0.0,23.4
$INFO,162,1,1,1,1,1111,97,1023,173.9,1.8,0.0,23.4
$INFO,163,1,1,1,1,1111,97,1023,169.5,1.8,0.0,23.4
$INFO,164,1,1,1,1,1111,100,1023,171.8,1.8,0.0,23.4
$INFO,165,1,1,1,1,1111,98,1023,170.2,1.8,0.0,23.4
$INFO,166,1,1,1,1,1111,98,1023,173.4,1.8,0.0,23.5
$INFO,167,1,1,1,1,1111,97,1023,169.7,1.8,0.0,23.5
$INFO,168,1,1,1,1,1111,98,1023,170.1,1.8,0.0,23.5
$INFO,169,1,1,1,1,1111,98,1023,170.4,1.8,0.0,23.5
$INFO,170,1,1,1,1,1111,99,1023,170.4,1.8,0.0,23.5
$INFO,171,1,1,1,1,1111,99,1023,170.0,1.8,0.0,23.5
$INFO,172,1,1,1,1,1111,98,1023,170.7,1.8,0.0,23.5
$INFO,173,1,1,1,1,1111,98,1023,171.0,1.8,0.0,23.4
$INFO,174,1,1,1,1,1111,99,1023,170.0,1.8,0.0,23.5
$INFO,175,1,1,1,1,1111,98,1023,169.5,1.8,0.0,23.5
$INFO,176,1,1,1,1,1111,98,1023,172.2,1.8,0.0,23.4
$INFO,177,1,1,1,1,1111,99,1023,170.3,1.8,0.0,23.5
$INFO,178,1,1,1,1,1111,97,1023,171.7,1.8,0.0,23.5
$INFO,179,1,1,1,1,1111,98,1023,170.4,1.8,0.0,23.5
$INFO,180,1,1,1,1,1111,98,1023,175.4,1.8,0.0,23.4
$INFO,181,1,1,1,1,1111,98,1023,169.1,1.8,0.0,23.4
$INFO,182,1,1,1,1,1111,99,1023,173.5,1.8,0.0,23.4
$INFO,183,1,1,1,1,1111,99,1023,170.7,1.8,0.0,23.4
$INFO,184,1,1,1,1,1111,97,1023,172.0,1.8,0.0,23.4
$INFO,185,1,1,1,1,1111,97,1023,169.4,1.8,0.0,23.4
$INFO,186,1,1,1,1,1111,98,1023,171.9,1.8,0.0,23.4
$INFO,187,1,1,1,1,1111,98,1023,169.6,1.8,0.0,23.4
$INFO,188,1,1,1,1,1111,101,1023,169.4,1.8,0.0,23.4
$INFO,189,1,1,1,1,1111,97,1023,170.4,1.8,0.0,23.4
$INFO,190,1,1,1,1,1111,97,1023,172.4,1.8,0.0,23.4
$INFO,191,1,1,1,1,1111,98,1023,169.9,1.8,0.0,23.4
$INFO,192,1,1,1,1,1111,99,1023,168.9,1.8,0.0,23.4
$INFO,193,1,1,1,1,1111,101,1023,169.0,1.8,0.0,23.5
$INFO,194,1,1,1,1,1111,98,1023,173.2,1.8,0.0,23.5
$INFO,195,1,1,1,1,1111,98,1023,170.1,1.8,0.0,23.5
$INFO,196,1,1,1,1,1111,103,1023,168.3,1.8,0.0,23.5
$INFO,197,1,1,1,1,1111,98,1023,172.0,1.8,0.0,23.5
$INFO,198,1,1,1,1,1111,100,1023,173.5,1.8,0.0,23.5
$INFO,199,1,1,1,1,1111,98,1023,169.5,1.8,0.0,23.5
$INFO,200,1,1,1,1,1111,99,1023,169.3,1.8,0.0,23.4
$INFO,201,1,1,1,1,1111,97,1023,171.1,1.8,0.0,23.4
$INFO,202,1,1,1,1,1111,99,1023,168.5,1.8,0.0,23.4
$INFO,203,1,1,1,1,1111,97,1023,170.6,1.8,0.0,23.4
$INFO,204,1,1,1,1,1111,98,1023,169.9,1.8,0.0,23.4
$INFO,205,1,1,1,1,1111,98,1023,173.0,1.8,0.0,23.4
$INFO,206,1,1,1,1,1111,97,1023,168.9,1.8,0.0,23.4
$INFO,207,1,1,1,1,1111,98,1023,169.7,1.8,0.0,23.3
$INFO,208,1,1,1,1,1111,98,1023,169.0,1.8,0.0,23.4
$INFO,209,1,1,1,1,1111,98,1023,173.0,1.8,0.0,23.4
$INFO,210,1,1,1,1,1111,97,1023,169.3,1.8,0.0,23.4
$INFO,211,1,1,1,1,1111,97,1023,172.6,1.8,0.0,23.5
$INFO,212,1,1,1,1,1111,97,1023,170.5,1.8,0.0,23.4
$INFO,213,1,1,1,1,1111,98,1023,172.6,1.8,0.0,23.4
$INFO,214,1,1,1,1,1111,97,1023,171.1,1.8,0.0,23.4
$INFO,215,1,1,1,1,1111,97,1023,173.3,1.8,0.0,23.4
$INFO,216,1,1,1,1,1111,97,1023,170.4,1.8,0.0,23.4
$INFO,217,1,1,1,1,1111,98,1023,172.6,1.8,0.0,23.4
$INFO,218,1,1,1,1,1111,98,1023,169.9,1.8,0.0,23.4
$INFO,219,1,1,1,1,1111,97,1023,172.3,1.8,0.0,23.4
$INFO,220,1,1,1,1,1111,101,1023,170.5,1.8,0.0,23.3
$INFO,221,1,1,1,1,1111,98,1023,173.2,1.8,0.0,23.4
$INFO,222,1,1,1,1,1111,98,1023,170.0,1.8,0.0,23.4
$INFO,223,1,1,1,1,1111,99,1023,173.8,1.8,0.0,23.4
$INFO,224,1,1,1,1,1111,99,1023,170.8,1.8,0.0,23.4
$INFO,225,1,1,1,1,1111,97,1023,170.0,1.8,0.0,23.4
$INFO,226,1,1,1,1,1111,101,1023,170.3,1.8,0.0,23.4
$INFO,227,1,1,1,1,1111,97,1023,175.4,1.8,0.0,23.4
$INFO,228,1,1,1,1,1111,97,1023,169.1,1.8,0.0,23.4
$INFO,229,1,1,1,1,1111,98,1023,173.7,1.8,0.0,23.4
$INFO,230,1,1,1,1,1111,100,1023,170.9,1.8,0.0,23.4
$INFO,231,1,1,1,1,1111,98,1023,170.9,1.8,0.0,23.4
$INFO,232,1,1,1,1,1111,98,1023,169.5,1.8,0.0,23.4
$INFO,233,1,1,1,1,1111,101,1023,173.4,1.8,0.0,23.4
$INFO,234,1,1,1,1,1111,99,1023,169.8,1.8,0.0,23.4
$INFO,235,1,1,1,1,1111,98,1023,171.1,1.8,0.0,23.4
$INFO,236,1,1,1,1,1111,100,1023,169.0,1.8,0.0,23.4
$INFO,237,1,1,1,1,1111,99,1023,172.3,1.8,0.0,23.4
$INFO,238,1,1,1,1,1111,99,1023,169.7,1.8,0.0,23.4
$INFO,239,1,1,1,1,1111,103,1023,171.3,1.8,0.0,23.4
$INFO,240,1,1,1,1,1111,98,1023,168.4,1.8,0.0,23.5
$INFO,241,1,1,1,1,1111,97,1023,173.7,1.8,0.0,23.5
$INFO,242,1,1,1,1,1111,99,1023,170.0,1.8,0.0,23.5
$INFO,243,1,1,1,1,1111,101,1023,169.1,1.8,0.0,23.5
$INFO,244,1,1,1,1,1111,98,1023,168.6,1.8,0.0,23.4
$INFO,245,1,1,1,1,1111,99,1023,173.6,1.8,0.0,23.4
$INFO,246,1,1,1,1,1111,98,1023,170.1,1.8,0.0,23.4
$INFO,247,1,1,1,1,1111,98,1023,170.4,1.8,0.0,23.5
$INFO,248,1,1,1,1,1111,99,1023,171.8,1.8,0.0,23.5
$INFO,249,1,1,1,1,1111,99,1023,171.6,1.8,0.0,23.5
$INFO,250,1,1,1,1,1111,97,1023,168.9,1.8,0.0,23.4
$INFO,251,1,1,1,1,1111,101,1023,168.5,1.8,0.0,23.4
$INFO,252,1,1,1,1,1111,97,1023,172.5,1.8,0.0,23.4
$INFO,253,1,1,1,1,1111,98,1023,172.9,1.8,0.0,23.4
$INFO,254,1,1,1,1,1111,100,1023,169.4,1.8,0.0,23.4
$INFO,255,1,1,1,1,1111,99,1023,169.2,1.8,0.0,23.4
$INFO,256,1,1,1,1,1111,98,1023,172.0,1.8,0.0,23.4
$INFO,257,1,1,1,1,1111,99,1023,168.4,1.8,0.0,23.4
$INFO,258,1,1,1,1,1111,97,1023,169.5,1.8,0.0,23.3
$INFO,259,1,1,1,1,1111,99,1023,170.5,1.8,0.0,23.4
$INFO,260,1,1,1,1,1111,97,1023,171.1,1.8,0.0,23.4
$INFO,261,1,1,1,1,1111,98,1023,169.7,1.8,0.0,23.4
$INFO,262,1,1,1,1,1111,98,1023,172.1,1.8,0.0,23.3
$INFO,263,1,1,1,1,1111,98,1023,169.7,1.8,0.0,23.4
$INFO,264,1,1,1,1,1111,97,1023,171.8,1.8,0.0,23.4
$INFO,265,1,1,1,1,1111,98,1023,169.2,1.8,0.0,23.4
$INFO,266,1,1,1,1,1111,99,1023,172.4,1.8,0.0,23.4
$INFO,267,1,1,1,1,1111,98,1023,169.7,1.8,0.0,23.4
$INFO,268,1,1,1,1,1111,98,1023,172.9,1.8,0.0,23.4
$INFO,269,1,1,1,1,1111,98,1023,170.0,1.8,0.0,23.4
$INFO,270,1,1,1,1,1111,99,1023,174.3,1.8,0.0,23.4
$INFO,271,1,1,1,1,1111,98,1023,170.4,1.8,0.0,23.4
$INFO,272,1,1,1,1,1111,98,1023,172.0,1.8,0.0,23.5
$INFO,273,1,1,1,1,1111,99,1023,173.1,1.8,0.0,23.5
$INFO,274,1,1,1,1,1111,97,1023,174.9,1.8,0.0,23.5
$INFO,275,1,1,1,1,1111,97,1023,168.4,1.8,0.0,23.6
$INFO,276,1,1,1,1,1111,97,1023,170.1,1.8,0.0,23.5
$INFO,277,1,1,1,1,1111,98,1023,171.8,1.8,0.0,23.4
$INFO,278,1,1,1,1,1111,98,1023,171.7,1.8,0.0,23.4
$INFO,279,1,1,1,1,1111,99,1023,170.4,1.8,0.0,23.5
$INFO,280,1,1,1,1,1111,98,1023,174.2,1.8,0.0,23.5
$INFO,281,1,1,1,1,1111,99,1023,170.8,1.8,0.0,23.5
$INFO,282,1,1,1,1,1111,98,1023,171.6,1.8,0.0,23.5
$INFO,283,1,1,1,1,1111,99,1023,169.6,1.8,0.0,23.5
$INFO,284,1,1,1,1,1111,98,1023,174.0,1.8,0.0,23.4
$INFO,285,1,1,1,1,1111,98,1023,170.9,1.8,0.0,23.4
$INFO,286,1,1,1,1,1111,98,1023,171.9,1.8,0.0,23.5
$INFO,287,1,1,1,1,1111,98,1023,169.6,1.8,0.0,23.4
$INFO,288,1,1,1,1,1111,99,1023,175.7,1.8,0.0,23.4
$INFO,289,1,1,1,1,1111,97,1023,170.9,1.8,0.0,23.4
$INFO,290,1,1,1,1,1111,98,1023,170.8,1.8,0.0,23.5
$INFO,291,1,1,1,1,1111,98,1023,170.0,1.8,0.0,23.5
$INFO,292,1,1,1,1,1111,98,1023,174.7,1.8,0.0,23.5
$INFO,293,1,1,1,1,1111,98,1023,169.7,1.8,0.0,23.4
$INFO,294,1,1,1,1,1111,99,1023,169.1,1.8,0.0,23.4
$INFO,295,1,1,1,1,1111,99,1023,169.1,1.8,0.0,23.4
$INFO,296,1,1,1,1,1111,100,1023,174.1,1.8,0.0,23.4
$INFO,297,1,1,1,1,1111,96,1023,170.2,1.8,0.0,23.4
$INFO,298,1,1,1,1,1111,99,1023,169.7,1.8,0.0,23.4
$INFO,299,1,1,1,1,1111,99,1023,169.6,1.8,0.0,23.4
$INFO,300,1,1,1,1,1111,98,1023,174.8,1.8,0.0,23.4
$INFO,301,1,1,1,1,1111,99,1023,170.4,1.8,0.0,23.4
$INFO,302,1,1,1,1,1111,97,1023,171.3,1.8,0.0,23.4
$INFO,303,1,1,1,1,1111,97,1023,171.7,1.8,0.0,23.4
$INFO,304,1,1,1,1,1111,99,1023,174.0,1.8,0.0,23.4
$INFO,305,1,1,1,1,1111,98,1023,170.2,1.8,0.0,23.4
$INFO,306,1,1,1,1,1111,98,1023,170.9,1.8,0.0,23.5
$INFO,307,1,1,1,1,1111,98,1023,171.2,1.8,0.0,23.4
$INFO,308,1,1,1,1,1111,97,1023,169.7,1.8,0.0,23.4
$INFO,309,1,1,1,1,1111,99,1023,170.4,1.8,0.0,23.5
$INFO,310,1,1,1,1,1111,99,1023,170.8,1.8,0.0,23.5
$INFO,311,1,1,1,1,1111,98,1023,173.0,1.8,0.0,23.4
$INFO,312,1,1,1,1,1111,97,1023,170.1,1.8,0.0,23.4
$INFO,313,1,1,1,1,1111,99,1023,171.0,1.8,0.0,23.4
$INFO,314,1,1,1,1,1111,98,1023,172.2,1.6,0.0,23.4
$INFO,315,1,1,1,1,1111,98,1023,172.2,1.6,0.0,23.4
$INFO,316,1,1,1,1,1111,99,1023,170.1,1.6,0.0,23.5
$INFO,317,1,1,1,1,1111,99,1023,175.9,1.6,0.0,23.5
$INFO,318,1,1,1,1,1111,95,1023,172.9,1.6,0.0,23.4
$INFO,319,1,1,1,1,1111,99,1023,170.6,1.6,0.0,23.4
$INFO,320,1,1,1,1,1111,98,1023,168.9,1.6,0.0,23.4
$INFO,321,1,1,1,1,1111,97,1023,173.0,1.6,0.0,23.4
$INFO,322,1,1,1,1,1111,98,1023,175.0,1.6,0.0,23.4
$INFO,323,1,1,1,1,1111,98,1023,170.9,1.6,0.0,23.5
$INFO,324,1,1,1,1,1111,97,1023,171.2,1.6,0.0,23.5
$INFO,325,1,1,1,1,1111,101,1023,171.9,1.6,0.0,23.4
$INFO,326,1,1,1,1,1111,98,1023,169.6,1.6,0.0,23.4
$INFO,327,1,1,1,1,1111,98,1023,170.3,1.6,0.0,23.4
$INFO,328,1,1,1,1,1111,97,1023,171.0,1.6,0.0,23.4
$INFO,329,1,1,1,1,1111,98,1023,172.5,1.6,0.0,23.4
$INFO,330,1,1,1,1,1111,98,1023,169.8,1.6,0.0,23.4
$INFO,331,1,1,1,1,1111,98,1023,169.8,1.6,0.0,23.4
$INFO,332,1,1,1,1,1111,98,1023,171.0,1.8,0.0,23.4
$INFO,333,1,1,1,1,1111,97,1023,170.8,1.8,0.0,23.5
$INFO,334,1,1,1,1,1111,99,1023,169.6,1.8,-0.2,23.4
$INFO,335,1,1,1,1,1111,98,1023,174.2,1.8,-0.2,23.5
$INFO,336,1,1,1,1,1111,97,1023,174.0,1.8,-0.2,23.5
$INFO,337,1,1,1,1,1111,101,1023,174.5,1.8,-0.2,23.5
$INFO,338,1,1,1,1,1111,99,1023,174.0,1.8,0.0,23.4
$INFO,339,1,1,1,1,1111,97,1023,174.0,1.8,0.0,23.4
$INFO,340,1,1,1,1,1111,97,1023,174.2,1.8,0.0,23.4
$INFO,341,1,1,1,1,1111,98,1023,170.1,1.8,0.0,23.4
$INFO,342,1,1,1,1,1111,100,1023,169.4,1.8,0.0,23.5
$INFO,343,1,1,1,1,1111,98,1023,173.0,1.8,0.0,23.5
$INFO,344,1,1,1,1,1111,97,1023,175.3,1.8,0.0,23.5
$INFO,345,1,1,1,1,1111,98,1023,170.0,1.8,0.0,23.5
$INFO,346,1,1,1,1,1111,98,1023,170.2,1.8,0.0,23.5
$INFO,347,1,1,1,1,1111,99,1023,172.2,1.8,0.0,23.5
$INFO,348,1,1,1,1,1111,97,1023,169.9,1.8,0.0,23.5
$INFO,349,1,1,1,1,1111,98,1023,169.9,1.8,0.0,23.5
$INFO,350,1,1,1,1,1111,98,1023,172.0,1.8,0.0,23.5
$INFO,351,1,1,1,1,1111,99,1023,172.5,1.8,0.0,23.5
$INFO,352,1,1,1,1,1111,98,1023,171.0,1.8,0.0,23.5
$INFO,353,1,1,1,1,1111,98,1023,174.9,1.8,0.0,23.5
$INFO,354,1,1,1,1,1111,97,1023,170.6,1.8,0.0,23.5
$INFO,355,1,1,1,1,1111,99,1023,171.5,1.8,0.0,23.4
$INFO,356,1,1,1,1,1111,100,1023,169.9,1.8,0.0,23.5
$INFO,357,1,1,1,1,1111,98,1023,174.8,1.8,0.0,23.5
$INFO,358,1,1,1,1,1111,99,1023,171.7,1.8,0.0,23.5
$INFO,359,1,1,1,1,1111,98,1023,172.2,1.8,0.0,23.5
$INFO,360,1,1,1,1,1111,99,1023,170.8,1.8,0.0,23.5
$INFO,361,1,1,1,1,1111,97,1023,175.5,1.8,0.0,23.5
$INFO,362,1,1,1,1,1111,98,1023,170.1,1.8,0.0,23.5
$INFO,363,1,1,1,1,1111,98,1023,170.4,1.8,0.0,23.5
$INFO,364,1,1,1,1,1111,98,1023,169.6,1.8,-0.1,23.5
$INFO,365,1,1,1,1,1111,97,1023,171.5,1.8,-0.1,23.4
$INFO,366,1,1,1,1,1111,97,1023,168.0,1.8,-0.1,23.4
$INFO,367,1,1,1,1,1111,98,1023,170.9,1.8,-0.1,23.5
$INFO,368,1,1,1,1,1111,97,1023,169.5,1.8,-0.1,23.5
$INFO,369,1,1,1,1,1111,99,1023,166.7,1.8,-0.1,23.4
$INFO,370,1,1,1,1,1111,97,1023,166.2,1.8,-0.1,23.4
$INFO,371,1,1,1,1,1111,99,1023,165.2,1.8,-0.2,23.4
$INFO,372,1,1,1,1,1111,98,1023,164.2,1.8,-0.2,23.4
$INFO,373,1,1,1,1,1111,97,1023,163.4,1.8,0.0,23.4
$INFO,374,1,1,1,1,1111,98,1023,168.8,1.8,0.0,23.4
$INFO,375,1,1,1,1,1111,98,1023,170.0,1.8,0.0,23.4
$INFO,376,1,1,1,1,1111,98,1023,170.9,1.8,0.0,23.4
$INFO,377,1,1,1,1,1111,100,1023,171.9,1.8,0.0,23.4
$INFO,378,1,1,1,1,1111,97,1023,174.1,1.8,0.0,23.4
$INFO,379,1,1,1,1,1111,98,1023,169.8,1.8,0.0,23.4
$INFO,380,1,1,1,1,1111,98,1023,170.5,1.8,0.0,23.4
$INFO,381,1,1,1,1,1111,98,1023,172.1,1.8,0.0,23.5
$INFO,382,1,1,1,1,1111,97,1023,174.3,1.8,0.0,23.4
$INFO,383,1,1,1,1,1111,95,1023,169.8,1.8,0.0,23.4
$INFO,384,1,1,1,1,1111,99,1023,171.6,1.8,0.0,23.4
$INFO,385,1,1,1,1,1111,98,1023,170.3,1.8,0.0,23.4
$INFO,386,1,1,1,1,1111,98,1023,168.7,1.8,0.0,23.4
$INFO,387,1,1,1,1,1111,98,1023,169.0,1.8,0.0,23.5
$INFO,388,1,1,1,1,1111,98,1023,172.4,1.6,0.0,23.4
$INFO,389,1,1,1,1,1111,97,1023,172.8,1.6,0.0,23.4
$INFO,390,1,1,1,1,1111,99,1023,171.2,1.7,0.0,23.4
$INFO,391,1,1,1,1,1111,98,1023,175.4,1.7,0.0,23.4
$INFO,392,1,1,1,1,1111,98,1023,170.8,1.7,0.0,23.5
$INFO,393,1,1,1,1,1111,99,1023,171.0,1.7,0.0,23.4
$INFO,394,1,1,1,1,1111,97,1023,170.1,1.7,0.0,23.4
$INFO,395,1,1,1,1,1111,101,1023,175.5,1.7,0.0,23.4
$INFO,396,1,1,1,1,1111,99,1023,172.1,1.7,0.0,23.5
$INFO,397,1,1,1,1,1111,97,1023,170.9,1.7,0.0,23.5
$INFO,398,1,1,1,1,1111,97,1023,170.2,1.7,0.0,23.5
$INFO,399,1,1,1,1,1111,100,1023,175.2,1.7,0.0,23.5
$INFO,400,1,1,1,1,1111,99,1023,170.6,1.7,0.0,23.5
$INFO,401,1,1,1,1,1111,97,1023,170.9,1.7,0.0,23.5
$INFO,402,1,1,1,1,1111,97,1023,169.6,1.7,0.0,23.4
$INFO,403,1,1,1,1,1111,101,1023,174.1,1.7,0.0,23.4
$INFO,404,1,1,1,1,1111,99,1023,170.6,1.7,0.0,23.4
$INFO,405,1,1,1,1,1111,98,1023,171.3,1.7,0.0,23.5
$INFO,406,1,1,1,1,1111,101,1023,168.9,1.7,0.0,23.5
$INFO,407,1,1,1,1,1111,98,1023,173.4,1.7,0.0,23.4
$INFO,408,1,1,1,1,1111,99,1023,169.9,1.7,0.0,23.4
$INFO,409,1,1,1,1,1111,100,1023,170.5,1.7,0.0,23.4
$INFO,410,1,1,1,1,1111,99,1023,168.9,1.7,0.0,23.5
$INFO,411,1,1,1,1,1111,99,1023,173.2,1.7,0.0,23.5
$INFO,412,1,1,1,1,1111,97,1023,169.8,1.7,-0.2,23.5
$INFO,413,1,1,1,1,1111,101,1023,173.3,1.7,-0.2,23.5
$INFO,414,1,1,1,1,1111,99,1023,169.7,1.7,-0.2,23.5
$INFO,415,1,1,1,1,1111,99,1023,170.8,1.7,0.0,23.4
$INFO,416,1,1,1,1,1111,97,1023,170.6,1.7,0.0,23.4
$INFO,417,1,1,1,1,1111,98,1023,170.5,1.7,0.0,23.5
$INFO,418,1,1,1,1,1111,97,1023,168.1,1.7,0.0,23.5
$INFO,419,1,1,1,1,1111,98,1023,166.6,1.7,0.0,23.4
$INFO,420,1,1,1,1,1111,98,1023,172.2,1.7,0.0,23.4
$INFO,421,1,1,1,1,1111,99,1023,168.0,1.7,0.0,23.5
$INFO,422,1,1,1,1,1111,99,1023,170.0,1.7,-0.1,23.4
$INFO,423,1,1,1,1,1111,98,1023,171.1,1.7,-0.1,23.4
$INFO,424,1,1,1,1,1111,98,1023,167.7,1.7,0.0,23.5
$INFO,425,1,1,1,1,1111,99,1023,167.7,1.7,0.0,23.5
$INFO,426,1,1,1,1,1111,100,1023,170.4,1.7,0.0,23.4
$PRO,20,20,20,20

j'ai recu ca -> $PRO,20,20,20,20

$INFO,427,19,19,19,19,1111,99,1023,169.7,1.7,0.0,23.4
$INFO,428,19,19,19,19,1111,98,1023,174.0,1.7,-0.1,23.4
$INFO,429,19,19,19,19,1111,98,1023,167.8,1.7,-0.1,23.5
$INFO,430,19,19,19,19,1111,98,1023,174.3,1.7,-0.1,23.4
$INFO,431,19,19,19,19,1111,98,1023,175.3,1.7,-0.1,23.4
$INFO,432,19,19,19,19,1111,98,1023,175.5,1.7,-0.1,23.4
$INFO,433,19,19,19,19,1111,97,1023,175.3,1.7,-0.1,23.5
$INFO,434,19,19,19,19,1111,99,1023,174.9,1.7,-0.1,23.5
$INFO,435,19,19,19,19,1111,96,1023,174.6,1.7,-0.1,23.5
$INFO,436,19,19,19,19,1111,98,1023,173.6,1.7,-0.1,23.5
$INFO,437,19,19,19,19,1111,96,1023,173.0,1.7,-0.1,23.5
$INFO,438,19,19,19,19,1111,98,1023,172.1,1.7,-0.1,23.5
$INFO,439,19,19,19,19,1111,98,1023,171.7,1.7,-0.1,23.5
$INFO,440,19,19,19,19,1111,98,1023,172.0,1.7,-0.1,23.4
$INFO,441,19,19,19,19,1111,95,1023,172.1,1.7,-0.1,23.5
$INFO,442,19,19,19,19,1111,96,1023,172.1,1.7,-0.1,23.4
$INFO,443,19,19,19,19,1111,97,1023,172.0,1.7,-0.1,23.5
$INFO,444,19,19,19,19,1111,98,1023,172.2,1.7,-0.1,23.5
$INFO,445,19,19,19,19,1111,97,1023,172.0,1.7,-0.1,23.4
$INFO,446,19,19,19,19,1111,100,1023,171.6,1.7,-0.1,23.5
$INFO,447,19,19,19,19,1111,98,1023,172.3,1.7,-0.1,23.5
$INFO,448,19,19,19,19,1111,100,1023,172.9,1.7,-0.1,23.5
$INFO,449,19,19,19,19,1111,97,1023,173.1,1.7,-0.1,23.5
$INFO,450,19,19,19,19,1111,98,1023,173.1,1.7,-0.1,23.4
$INFO,451,19,19,19,19,1111,98,1023,173.3,1.7,-0.1,23.5
$INFO,452,19,19,19,19,1111,95,1023,174.1,1.7,-0.1,23.5
$INFO,453,19,19,19,19,1111,100,1023,174.4,1.7,0.0,23.5
$INFO,454,19,19,19,19,1111,98,1023,174.4,1.7,0.0,23.4
$INFO,455,19,19,19,19,1111,97,1023,174.1,1.7,-0.1,23.5
$INFO,456,19,19,19,19,1111,100,1023,179.0,1.7,-0.1,23.4
$INFO,457,19,19,19,19,1111,97,1023,184.8,1.7,-0.1,23.4
$INFO,458,19,19,19,19,1111,98,1023,183.2,1.7,-0.1,23.4
$INFO,459,19,19,19,19,1111,98,1023,181.5,1.7,-0.1,23.5
$INFO,460,19,19,19,19,1111,99,1023,179.6,1.7,-0.1,23.4
$INFO,461,19,19,19,19,1111,97,1023,177.1,1.7,-0.1,23.5
$INFO,462,19,19,19,19,1111,98,1023,174.5,1.7,-0.1,23.5
$INFO,463,19,19,19,19,1111,97,1023,172.1,1.7,0.0,23.4
$INFO,464,19,19,19,19,1111,98,1023,170.0,1.7,0.0,23.4
$INFO,465,19,19,19,19,1111,98,1023,173.2,1.7,0.0,23.4
$INFO,466,19,19,19,19,1111,98,1023,171.3,1.7,0.0,23.5
$INFO,467,19,19,19,19,1111,98,1023,171.1,1.7,-0.1,23.5
$INFO,468,19,19,19,19,1111,98,1023,170.1,1.6,0.1,23.5
$INFO,469,19,19,19,19,1111,97,1023,169.6,1.6,0.2,23.5
$INFO,470,19,19,19,19,1111,98,1023,171.2,1.8,0.0,23.5
$INFO,471,19,19,19,19,1111,99,1023,174.0,1.8,0.0,23.5
$INFO,472,19,19,19,19,1111,97,1023,171.6,1.8,0.0,23.5
$INFO,473,19,19,19,19,1111,99,1023,173.7,1.8,0.0,23.5
$INFO,474,19,19,19,19,1111,97,1023,171.4,1.8,0.0,23.5
$INFO,475,19,19,19,19,1111,98,1023,174.5,1.8,0.0,23.6
$INFO,476,19,19,19,19,1111,98,1023,172.1,1.8,0.0,23.5
$INFO,477,19,19,19,19,1111,100,1023,174.1,1.8,0.0,23.5
$INFO,478,19,19,19,19,1111,98,1023,171.2,1.8,0.0,23.5
$INFO,479,19,19,19,19,1111,98,1023,175.4,1.8,0.0,23.5
$INFO,480,19,19,19,19,1111,98,1023,172.7,1.8,0.0,23.5
$INFO,481,19,19,19,19,1111,95,1023,171.3,1.8,0.0,23.5
$INFO,482,19,19,19,19,1111,99,1023,170.1,1.8,0.0,23.4
$INFO,483,19,19,19,19,1111,97,1023,175.9,1.8,0.0,23.5
$INFO,484,19,19,19,19,1111,98,1023,173.3,1.8,0.0,23.4
$INFO,485,19,19,19,19,1111,100,1023,173.3,1.8,0.0,23.5
$INFO,486,19,19,19,19,1111,98,1023,175.3,1.8,-0.1,23.4
$INFO,487,19,19,19,19,1111,97,1023,169.3,1.8,0.0,23.4
$INFO,488,19,19,19,19,1111,98,1023,175.0,1.8,0.0,23.4
$INFO,489,19,19,19,19,1111,100,1023,176.0,1.8,0.0,23.5
$INFO,490,19,19,19,19,1111,98,1023,171.9,1.8,0.0,23.4
$INFO,491,19,19,19,19,1111,98,1023,173.0,1.8,0.0,23.5
$INFO,492,19,19,19,19,1111,99,1023,173.3,1.8,0.0,23.5
$INFO,493,19,19,19,19,1111,98,1023,176.0,1.8,0.0,23.4
$INFO,494,19,19,19,19,1111,99,1023,171.5,1.8,0.0,23.5
$INFO,495,19,19,19,19,1111,97,1023,174.5,1.8,-0.1,23.4
$INFO,496,19,19,19,19,1111,97,1023,171.5,1.8,-0.1,23.4
$INFO,497,19,19,19,19,1111,98,1023,173.7,1.8,-0.1,23.4
$INFO,498,19,19,19,19,1111,98,1023,172.7,1.7,-0.1,23.4
$INFO,499,19,19,19,19,1111,97,1023,172.6,1.7,-0.1,23.4
$INFO,500,19,19,19,19,1111,98,1023,172.8,1.7,-0.1,23.4
$INFO,501,19,19,19,19,1111,97,1023,171.7,1.7,-0.1,23.4
$INFO,502,19,19,19,19,1111,97,1023,170.7,1.8,-0.1,23.4
$INFO,503,19,19,19,19,1111,95,1023,171.5,1.8,-0.1,23.4
$INFO,504,19,19,19,19,1111,97,1023,171.9,1.8,-0.1,23.4
$INFO,505,19,19,19,19,1111,96,1023,171.0,1.8,0.0,23.4
$INFO,506,19,19,19,19,1111,97,1023,171.0,1.7,0.0,23.5
$INFO,507,19,19,19,19,1111,97,1023,175.8,1.7,0.0,23.4
$INFO,508,19,19,19,19,1111,97,1023,176.0,1.7,0.0,23.4
$INFO,509,19,19,19,19,1111,98,1023,172.4,1.7,0.0,23.5
$INFO,510,19,19,19,19,1111,96,1023,172.3,1.7,0.0,23.5
$INFO,511,19,19,19,19,1111,97,1023,174.8,1.7,0.0,23.4
$INFO,512,19,19,19,19,1111,97,1023,171.4,1.7,0.0,23.4
$INFO,513,19,19,19,19,1111,97,1023,171.4,1.7,0.0,23.4
$INFO,514,19,19,19,19,1111,99,1023,173.0,1.7,0.0,23.4
$INFO,515,19,19,19,19,1111,100,1023,174.3,1.7,0.0,23.4
$INFO,516,19,19,19,19,1111,98,1023,172.4,1.7,0.0,23.4
$INFO,517,19,19,19,19,1111,98,1023,170.9,1.7,0.0,23.4
$INFO,518,19,19,19,19,1111,100,1023,176.4,1.7,0.0,23.4
$INFO,519,19,19,19,19,1111,101,1023,172.8,1.7,0.0,23.4
$INFO,520,19,19,19,19,1111,95,1023,172.6,1.7,0.0,23.4
$INFO,521,19,19,19,19,1111,97,1023,175.1,1.7,0.0,23.4
$INFO,522,19,19,19,19,1111,98,1023,177.5,1.7,-0.3,23.4
$INFO,523,19,19,19,19,1111,98,1023,172.6,1.8,0.0,23.4
$INFO,524,19,19,19,19,1111,97,1023,175.4,1.8,0.0,23.4
$INFO,525,19,19,19,19,1111,98,1023,171.0,1.7,0.0,23.4
$INFO,526,19,19,19,19,1111,96,1023,175.9,1.7,-0.1,23.4
$INFO,527,19,19,19,19,1111,98,1023,170.3,1.7,-0.1,23.4
$INFO,528,19,19,19,19,1111,97,1023,170.3,1.7,-0.1,23.5
$INFO,529,19,19,19,19,1111,100,1023,169.4,1.7,0.0,23.4
$INFO,530,19,19,19,19,1111,97,1023,170.9,1.7,0.0,23.5
$INFO,531,19,19,19,19,1111,97,1023,173.9,1.7,-0.1,23.5
$INFO,532,19,19,19,19,1111,98,1023,178.1,1.7,-0.1,23.5
$INFO,533,19,19,19,19,1111,95,1023,178.9,1.7,0.0,23.4
$INFO,534,19,19,19,19,1111,99,1023,175.7,1.7,-0.1,23.4
$INFO,535,19,19,19,19,1111,97,1023,172.2,1.7,-0.1,23.4
$INFO,536,19,19,19,19,1111,99,1023,167.9,1.7,-0.1,23.4
$INFO,537,19,19,19,19,1111,99,1023,170.8,1.7,-0.1,23.4
$INFO,538,19,19,19,19,1111,97,1023,169.7,1.7,-0.1,23.4
$INFO,539,19,19,19,19,1111,97,1023,168.1,1.7,-0.1,23.4
$INFO,540,19,19,19,19,1111,98,1023,166.5,1.7,-0.1,23.4
$INFO,541,19,19,19,19,1111,98,1023,165.8,1.7,-0.1,23.4
$INFO,542,19,19,19,19,1111,98,1023,165.9,1.7,-0.1,23.4
$INFO,543,19,19,19,19,1111,97,1023,166.4,1.7,-0.1,23.4
$INFO,544,19,19,19,19,1111,98,1023,166.6,1.7,-0.1,23.5
$INFO,545,19,19,19,19,1111,98,1023,166.2,1.7,-0.1,23.4
$INFO,546,19,19,19,19,1111,98,1023,166.1,1.7,-0.1,23.5
$INFO,547,19,19,19,19,1111,100,1023,167.0,1.7,-0.1,23.4
$INFO,548,19,19,19,19,1111,98,1023,169.1,1.7,-0.1,23.5
$INFO,549,19,19,19,19,1111,98,1023,172.0,1.7,-0.1,23.5
$INFO,550,19,19,19,19,1111,98,1023,175.6,1.7,-0.1,23.5
$INFO,551,19,19,19,19,1111,97,1023,179.1,1.7,-0.1,23.4
$INFO,552,19,19,19,19,1111,97,1023,182.2,1.7,-0.3,23.4
$INFO,553,19,19,19,19,1111,98,1023,183.4,1.7,-0.3,23.4
$INFO,554,19,19,19,19,1111,97,1023,183.6,1.7,-0.2,23.5
$INFO,555,19,19,19,19,1111,97,1023,183.1,1.7,0.0,23.5
$INFO,556,19,19,19,19,1111,98,1023,177.3,1.7,0.0,23.5
$INFO,557,19,19,19,19,1111,97,1023,177.9,1.7,0.0,23.5
$INFO,558,19,19,19,19,1111,97,1023,174.0,1.7,0.0,23.4
$INFO,559,19,19,19,19,1111,98,1023,173.1,1.7,0.0,23.5
$INFO,560,19,19,19,19,1111,99,1023,172.3,1.7,0.0,23.5
$INFO,561,19,19,19,19,1111,97,1023,178.1,1.7,0.0,23.5
$INFO,562,19,19,19,19,1111,99,1023,173.5,1.7,0.0,23.4
$INFO,563,19,19,19,19,1111,98,1023,173.7,1.7,0.0,23.4
$INFO,564,19,19,19,19,1111,99,1023,173.6,1.7,0.0,23.4
$INFO,565,19,19,19,19,1111,99,1023,177.8,1.7,0.0,23.4
$INFO,566,19,19,19,19,1111,98,1023,172.8,1.7,0.0,23.4
$INFO,567,19,19,19,19,1111,96,1023,178.4,1.7,0.0,23.4
$INFO,568,19,19,19,19,1111,97,1023,176.3,1.7,0.0,23.4
$INFO,569,19,19,19,19,1111,99,1023,173.4,1.7,0.0,23.4
$INFO,570,19,19,19,19,1111,99,1023,172.8,1.7,0.0,23.5
$INFO,571,19,19,19,19,1111,99,1023,177.8,1.7,0.0,23.5
$INFO,572,19,19,19,19,1111,98,1023,173.0,1.7,0.0,23.4
$INFO,573,19,19,19,19,1111,95,1023,173.7,1.7,0.0,23.5
$INFO,574,19,19,19,19,1111,98,1023,173.0,1.7,0.0,23.5
$INFO,575,19,19,19,19,1111,96,1023,175.5,1.7,0.0,23.5
$INFO,576,19,19,19,19,1111,98,1023,173.0,1.7,0.0,23.4
$INFO,577,19,19,19,19,1111,97,1023,175.1,1.7,0.0,23.4
$INFO,578,19,19,19,19,1111,97,1023,173.1,1.7,0.0,23.4
$INFO,579,19,19,19,19,1111,98,1023,176.9,1.7,0.0,23.4
$INFO,580,19,19,19,19,1111,98,1023,173.2,1.7,0.0,23.4
$INFO,581,19,19,19,19,1111,97,1023,176.6,1.7,0.0,23.4
$INFO,582,19,19,19,19,1111,97,1023,172.9,1.7,0.0,23.5
$INFO,583,19,19,19,19,1111,97,1023,176.1,1.7,0.0,23.4
$INFO,584,19,19,19,19,1111,98,1023,173.3,1.7,0.0,23.4
$INFO,585,19,19,19,19,1111,96,1023,178.6,1.7,0.0,23.4
$INFO,586,19,19,19,19,1111,97,1023,174.2,1.7,0.0,23.4
$INFO,587,19,19,19,19,1111,100,1023,174.4,1.7,0.0,23.5
$INFO,588,19,19,19,19,1111,98,1023,173.5,1.7,0.0,23.5
$INFO,589,19,19,19,19,1111,98,1023,179.0,1.7,0.0,23.5
$INFO,590,19,19,19,19,1111,98,1023,174.2,1.7,0.0,23.5
$INFO,591,19,19,19,19,1111,97,1023,173.8,1.7,-0.2,23.5
$INFO,592,19,19,19,19,1111,97,1023,178.1,1.7,-0.2,23.5
$INFO,593,19,19,19,19,1111,97,1023,179.4,1.7,0.0,23.4
$INFO,594,19,19,19,19,1111,97,1023,174.2,1.7,0.0,23.5
$INFO,595,19,19,19,19,1111,97,1023,173.6,1.7,0.0,23.5
$INFO,596,19,19,19,19,1111,101,1023,177.6,1.7,0.0,23.4
$INFO,597,19,19,19,19,1111,97,1023,174.0,1.7,0.0,23.5
$INFO,598,19,19,19,19,1111,98,1023,177.7,1.7,-0.1,23.5
$INFO,599,19,19,19,19,1111,97,1023,173.2,1.7,-0.1,23.5
$INFO,600,19,19,19,19,1111,99,1023,177.6,1.7,-0.2,23.5
$INFO,601,19,19,19,19,1111,97,1023,177.6,1.7,0.0,23.4
$INFO,602,19,19,19,19,1111,97,1023,179.3,1.7,0.0,23.5
$INFO,603,19,19,19,19,1111,98,1023,180.6,1.7,0.0,23.5
$INFO,604,19,19,19,19,1111,99,1023,175.0,1.7,0.0,23.4
$INFO,605,19,19,19,19,1111,98,1023,175.7,1.7,-0.1,23.5
$INFO,606,19,19,19,19,1111,98,1023,174.8,1.7,-0.1,23.5
$INFO,607,19,19,19,19,1111,97,1023,179.6,1.7,-0.1,23.5
$INFO,608,19,19,19,19,1111,97,1023,179.8,1.7,0.0,23.5
$INFO,609,19,19,19,19,1111,98,1023,179.0,1.7,0.0,23.5
$INFO,610,19,19,19,19,1111,98,1023,173.5,1.7,0.0,23.5
$INFO,611,19,19,19,19,1111,97,1023,174.2,1.7,-0.1,23.5
$INFO,612,19,19,19,19,1111,96,1023,174.7,1.7,-0.1,23.5
$INFO,613,19,19,19,19,1111,98,1023,175.2,1.7,-0.1,23.5
$INFO,614,19,19,19,19,1111,98,1023,175.9,1.7,-0.1,23.5
$INFO,615,19,19,19,19,1111,97,1023,173.8,1.7,0.0,23.5
$INFO,616,19,19,19,19,1111,99,1023,172.8,1.7,0.0,23.4
$INFO,617,19,19,19,19,1111,97,1023,174.9,1.7,0.0,23.5
$INFO,618,19,19,19,19,1111,96,1023,174.4,1.7,0.0,23.5
$INFO,619,19,19,19,19,1111,101,1023,176.2,1.7,0.0,23.5
$INFO,620,19,19,19,19,1111,98,1023,179.1,1.7,0.0,23.5
$INFO,621,19,19,19,19,1111,97,1023,173.9,1.7,0.0,23.5
$INFO,622,19,19,19,19,1111,98,1023,175.1,1.7,0.0,23.5
$INFO,623,19,19,19,19,1111,99,1023,174.8,1.7,0.0,23.5
$INFO,624,19,19,19,19,1111,98,1023,177.6,1.7,0.0,23.5
$INFO,625,19,19,19,19,1111,98,1023,173.9,1.7,-0.1,23.5
$INFO,626,19,19,19,19,1111,97,1023,177.6,1.7,-0.1,23.6
$STOP

j'ai recu ca -> $STOP

$INFO,627,-2,-2,-2,-2,0000,99,1023,174.3,1.7,-0.1,23.6
$INFO,628,-2,-2,-2,-2,0000,97,1023,175.1,1.8,0.1,23.4
$INFO,629,-2,-2,-2,-2,0000,97,1023,172.3,1.8,0.0,23.5
$INFO,630,-2,-2,-2,-2,0000,98,1023,176.4,1.7,0.0,23.4
$INFO,631,-2,-2,-2,-2,0000,99,1023,173.1,1.8,0.0,23.4
$INFO,632,-2,-2,-2,-2,0000,97,1023,178.0,1.7,0.0,23.4
$INFO,633,-2,-2,-2,-2,0000,98,1023,174.1,1.7,0.0,23.4
$INFO,634,-2,-2,-2,-2,0000,98,1023,175.3,1.7,-0.1,23.5
$INFO,635,-2,-2,-2,-2,0000,98,1023,173.3,1.7,-0.1,23.5
$INFO,636,-2,-2,-2,-2,0000,98,1023,171.1,1.7,-0.1,23.5
$INFO,637,-2,-2,-2,-2,0000,98,1023,169.8,1.7,0.0,23.5
$INFO,638,-2,-2,-2,-2,0000,98,1023,168.9,1.7,0.0,23.5
$INFO,639,-2,-2,-2,-2,0000,98,1023,174.0,1.7,0.0,23.5
$INFO,640,-2,-2,-2,-2,0000,99,1023,176.2,1.7,0.0,23.5
$INFO,641,-2,-2,-2,-2,0000,98,1023,171.3,1.7,0.0,23.5
$INFO,642,-2,-2,-2,-2,0000,98,1023,170.6,1.7,0.0,23.5
$INFO,643,-2,-2,-2,-2,0000,98,1023,172.9,1.7,0.0,23.5
$INFO,644,-2,-2,-2,-2,0000,97,1023,169.8,1.7,0.0,23.5
$INFO,645,-2,-2,-2,-2,0000,98,1023,170.0,1.7,0.0,23.5
$INFO,646,-2,-2,-2,-2,0000,97,1023,171.3,1.7,0.0,23.5
$INFO,647,-2,-2,-2,-2,0000,97,1023,172.0,1.7,0.0,23.5
$INFO,648,-2,-2,-2,-2,0000,100,1023,170.6,1.7,0.0,23.5
$INFO,649,-2,-2,-2,-2,0000,98,1023,173.6,1.7,0.0,23.5
$INFO,650,-2,-2,-2,-2,0000,99,1023,170.2,1.7,0.0,23.5
$INFO,651,-2,-2,-2,-2,0000,98,1023,172.0,1.7,0.0,23.5
$INFO,652,-2,-2,-2,-2,0000,99,1023,169.9,1.7,0.0,23.5
$INFO,653,-2,-2,-2,-2,0000,98,1023,174.1,1.7,0.0,23.5
$INFO,654,-2,-2,-2,-2,0000,98,1023,170.6,1.7,0.0,23.5
$INFO,655,-2,-2,-2,-2,0000,99,1023,171.7,1.7,0.0,23.5
$INFO,656,-2,-2,-2,-2,0000,97,1023,169.3,1.7,0.0,23.5
$INFO,657,-2,-2,-2,-2,0000,98,1023,175.0,1.7,0.0,23.5
$INFO,658,-2,-2,-2,-2,0000,98,1023,170.6,1.7,0.0,23.5
$INFO,659,-2,-2,-2,-2,0000,97,1023,170.8,1.7,0.0,23.5
$INFO,660,-2,-2,-2,-2,0000,98,1023,169.5,1.7,0.0,23.5
$INFO,661,-2,-2,-2,-2,0000,98,1023,174.1,1.7,0.0,23.5
$INFO,662,-2,-2,-2,-2,0000,98,1023,168.5,1.7,0.0,23.5
$INFO,663,-2,-2,-2,-2,0000,100,1023,170.0,1.7,0.0,23.5
$INFO,664,-2,-2,-2,-2,0000,98,1023,170.8,1.7,0.0,23.5
$INFO,665,-2,-2,-2,-2,0000,99,1023,172.8,1.7,0.0,23.6
$INFO,666,-2,-2,-2,-2,0000,97,1023,170.1,1.7,0.0,23.5
$INFO,667,-2,-2,-2,-2,0000,101,1023,174.7,1.7,0.0,23.5
$INFO,668,-2,-2,-2,-2,0000,97,1023,170.9,1.7,0.0,23.6
$INFO,669,-2,-2,-2,-2,0000,98,1023,172.3,1.7,0.0,23.5
$INFO,670,-2,-2,-2,-2,0000,101,1023,170.2,1.7,0.0,23.5
$INFO,671,-2,-2,-2,-2,0000,97,1023,174.9,1.7,0.0,23.6
$INFO,672,-2,-2,-2,-2,0000,98,1023,171.7,1.7,0.0,23.6
$INFO,673,-2,-2,-2,-2,0000,98,1023,172.1,1.7,0.0,23.6
$INFO,674,-2,-2,-2,-2,0000,98,1023,169.9,1.7,0.0,23.6
$INFO,675,-2,-2,-2,-2,0000,95,1023,175.9,1.7,0.0,23.6
$INFO,676,-2,-2,-2,-2,0000,98,1023,170.9,1.7,0.0,23.5
$INFO,677,-2,-2,-2,-2,0000,98,1023,170.9,1.7,0.0,23.5
$INFO,678,-2,-2,-2,-2,0000,97,1023,170.0,1.7,0.0,23.5
$INFO,679,-2,-2,-2,-2,0000,97,1023,174.9,1.7,0.0,23.5
$INFO,680,-2,-2,-2,-2,0000,98,1023,170.1,1.7,0.0,23.5
$INFO,681,-2,-2,-2,-2,0000,98,1023,169.7,1.7,0.0,23.5
$INFO,682,-2,-2,-2,-2,0000,101,1023,169.0,1.7,0.0,23.5
$INFO,683,-2,-2,-2,-2,0000,97,1023,173.8,1.7,0.0,23.5
$INFO,684,-2,-2,-2,-2,0000,99,1023,169.9,1.7,0.0,23.5
$INFO,685,-2,-2,-2,-2,0000,98,1023,169.3,1.7,0.0,23.5
$INFO,686,-2,-2,-2,-2,0000,98,1023,168.9,1.7,0.0,23.5
$INFO,687,-2,-2,-2,-2,0000,98,1023,174.4,1.7,0.0,23.6
$INFO,688,-2,-2,-2,-2,0000,99,1023,169.8,1.7,0.0,23.6
$INFO,689,-2,-2,-2,-2,0000,97,1023,170.5,1.7,0.0,23.5
$INFO,690,-2,-2,-2,-2,0000,100,1023,171.8,1.7,0.0,23.6
$INFO,691,-2,-2,-2,-2,0000,99,1023,174.5,1.7,0.0,23.5
$INFO,692,-2,-2,-2,-2,0000,98,1023,169.8,1.7,0.0,23.5
$INFO,693,-2,-2,-2,-2,0000,101,1023,170.1,1.7,0.0,23.4
$INFO,694,-2,-2,-2,-2,0000,98,1023,170.6,1.7,0.0,23.4
$INFO,695,-2,-2,-2,-2,0000,100,1023,169.2,1.7,0.0,23.5
$INFO,696,-2,-2,-2,-2,0000,99,1023,170.0,1.7,0.0,23.5
$INFO,697,-2,-2,-2,-2,0000,98,1023,170.2,1.7,0.0,23.5
$INFO,698,-2,-2,-2,-2,0000,98,1023,172.1,1.7,0.0,23.5
$INFO,699,-2,-2,-2,-2,0000,99,1023,169.4,1.7,0.0,23.6
$INFO,700,-2,-2,-2,-2,0000,98,1023,169.4,1.7,0.0,23.6
$INFO,701,-2,-2,-2,-2,0000,99,1023,170.4,1.7,0.0,23.6
$INFO,702,-2,-2,-2,-2,0000,98,1023,171.3,1.7,0.0,23.6
$INFO,703,-2,-2,-2,-2,0000,98,1023,169.7,1.7,0.0,23.6
$INFO,704,-2,-2,-2,-2,0000,98,1023,175.2,1.7,0.0,23.6
$INFO,705,-2,-2,-2,-2,0000,98,1023,172.0,1.7,0.0,23.6
$INFO,706,-2,-2,-2,-2,0000,95,1023,170.4,1.7,0.0,23.6
$INFO,707,-2,-2,-2,-2,0000,97,1023,168.8,1.7,0.0,23.6
$INFO,708,-2,-2,-2,-2,0000,98,1023,173.8,1.7,0.0,23.5
$INFO,709,-2,-2,-2,-2,0000,99,1023,172.6,1.7,0.0,23.5
$INFO,710,-2,-2,-2,-2,0000,99,1023,168.5,1.7,0.0,23.6
$INFO,711,-2,-2,-2,-2,0000,99,1023,167.9,1.7,-0.2,23.6
$INFO,712,-2,-2,-2,-2,0000,97,1023,172.5,1.7,-0.2,23.5
$INFO,713,-2,-2,-2,-2,0000,98,1023,175.6,1.7,0.0,23.6
$INFO,714,-2,-2,-2,-2,0000,97,1023,174.6,1.7,0.0,23.5
$INFO,715,-2,-2,-2,-2,0000,98,1023,169.5,1.7,-0.1,23.5
$INFO,716,-2,-2,-2,-2,0000,98,1023,174.4,1.7,-0.1,23.6
$INFO,717,-2,-2,-2,-2,0000,97,1023,170.5,1.7,-0.1,23.6
$INFO,718,-2,-2,-2,-2,0000,100,1023,169.6,1.7,-0.1,23.5
$INFO,719,-2,-2,-2,-2,0000,99,1023,169.8,1.7,0.0,23.5
$INFO,720,-2,-2,-2,-2,0000,101,1023,168.2,1.7,0.0,23.5
$INFO,721,-2,-2,-2,-2,0000,98,1023,169.2,1.7,0.0,23.6
$INFO,722,-2,-2,-2,-2,0000,98,1023,174.6,1.7,0.0,23.6
$INFO,723,-2,-2,-2,-2,0000,99,1023,170.5,1.7,0.0,23.5
$INFO,724,-2,-2,-2,-2,0000,97,1023,171.0,1.7,0.0,23.6
$INFO,725,-2,-2,-2,-2,0000,98,1023,169.9,1.7,0.0,23.5
$INFO,726,-2,-2,-2,-2,0000,97,1023,175.3,1.7,-0.2,23.5
$INFO,727,-2,-2,-2,-2,0000,98,1023,170.3,1.7,-0.2,23.5
$INFO,728,-2,-2,-2,-2,0000,98,1023,172.4,1.7,0.0,23.6
$INFO,729,-2,-2,-2,-2,0000,97,1023,170.4,1.7,0.0,23.6
$INFO,730,-2,-2,-2,-2,0000,99,1023,169.2,1.7,0.0,23.6
$INFO,731,-2,-2,-2,-2,0000,98,1023,174.0,1.7,0.0,23.6
$INFO,732,-2,-2,-2,-2,0000,99,1023,169.5,1.7,0.0,23.6
$INFO,733,-2,-2,-2,-2,0000,98,1023,171.3,1.7,0.0,23.5
$INFO,734,-2,-2,-2,-2,0000,98,1023,170.7,1.7,0.0,23.5
$INFO,735,-2,-2,-2,-2,0000,98,1023,174.4,1.7,0.0,23.5
$INFO,736,-2,-2,-2,-2,0000,99,1023,170.3,1.7,-0.1,23.4
$INFO,737,-2,-2,-2,-2,0000,101,1023,172.9,1.7,0.0,23.5
$INFO,738,-2,-2,-2,-2,0000,97,1023,166.7,1.7,0.0,23.5
$INFO,739,-2,-2,-2,-2,0000,99,1023,169.2,1.7,0.0,23.5
$INFO,740,-2,-2,-2,-2,0000,98,1023,174.7,1.7,0.0,23.5
$INFO,741,-2,-2,-2,-2,0000,97,1023,170.3,1.7,0.0,23.4
$INFO,742,-2,-2,-2,-2,0000,99,1023,170.5,1.7,-0.2,23.4
$INFO,743,-2,-2,-2,-2,0000,97,1023,174.5,1.7,-0.1,23.5
$INFO,744,-2,-2,-2,-2,0000,97,1023,176.0,1.7,-0.1,23.5
$INFO,745,-2,-2,-2,-2,0000,98,1023,175.2,1.7,-0.1,23.4
$INFO,746,-2,-2,-2,-2,0000,98,1023,175.1,1.7,-0.1,23.5
$INFO,747,-2,-2,-2,-2,0000,97,1023,175.1,1.7,-0.1,23.4
$INFO,748,-2,-2,-2,-2,0000,98,1023,175.1,1.7,-0.1,23.4
$INFO,749,-2,-2,-2,-2,0000,98,1023,175.1,1.7,-0.1,23.4
$INFO,750,-2,-2,-2,-2,0000,98,1023,175.1,1.7,-0.1,23.5
$INFO,751,-2,-2,-2,-2,0000,98,1023,175.2,1.7,-0.1,23.4
$INFO,752,-2,-2,-2,-2,0000,97,1023,175.0,1.7,-0.1,23.4
$INFO,753,-2,-2,-2,-2,0000,101,1023,174.7,1.7,-0.1,23.5
$INFO,754,-2,-2,-2,-2,0000,98,1023,173.9,1.7,-0.1,23.5
$INFO,755,-2,-2,-2,-2,0000,98,1023,173.0,1.7,-0.1,23.5
$INFO,756,-2,-2,-2,-2,0000,95,1023,172.5,1.7,-0.1,23.6
$INFO,757,-2,-2,-2,-2,0000,98,1023,171.9,1.7,-0.1,23.6
$INFO,758,-2,-2,-2,-2,0000,99,1023,171.0,1.7,-0.1,23.5
$INFO,759,-2,-2,-2,-2,0000,99,1023,176.0,1.7,0.0,23.5
$INFO,760,-2,-2,-2,-2,0000,97,1023,171.9,1.7,-0.1,23.5
$INFO,761,-2,-2,-2,-2,0000,98,1023,173.6,1.7,-0.1,23.5
$INFO,762,-2,-2,-2,-2,0000,97,1023,177.9,1.7,-0.1,23.5
$INFO,763,-2,-2,-2,-2,0000,97,1023,181.1,1.7,-0.1,23.5
$INFO,764,-2,-2,-2,-2,0000,96,1023,182.0,1.7,-0.1,23.5
